2.820000,3236
2.821000,3270
2.822000,3293
2.823000,3214
2.824000,3358
2.825000,3337
2.826000,3196
2.827000,3275
2.828000,3292
2.829000,3377
2.830000,3264
2.831000,3373
2.832000,3246
2.833000,3250
2.834000,3291
2.835000,3355
2.836000,3386
2.837000,3345
2.838000,3261
2.839000,3315
2.840000,3331
2.841000,3298
2.842000,3229
2.843000,3377
2.844000,3242
2.845000,3396
2.846000,3393
2.847000,3368
2.848000,3318
2.849000,3275
2.850000,3297
2.851000,3249
2.852000,3278
2.853000,3333
2.854000,3374
2.855000,3258
2.856000,3243
2.857000,3343
2.858000,3278
2.859000,3313
2.860000,3286
2.861000,3281
2.862000,3235
2.863000,3256
2.864000,3268
2.865000,3225
2.866000,3210
2.867000,3138
2.868000,3059
2.869000,3005
2.870000,3031
2.871000,2956
2.872000,3170
2.873000,3128
2.874000,3055
2.875000,3050
2.876000,3261
2.877000,3172
2.878000,3220
2.879000,3319
2.880000,3234
2.881000,3224
2.882000,3374
2.883000,3334
2.884000,3405
2.885000,3262
2.886000,3283
2.887000,3245
2.888000,3282
2.889000,3137
2.890000,3205
2.891000,3306
2.892000,3303
2.893000,3269
2.894000,3345
2.895000,3219
2.896000,3293
2.897000,3285
2.898000,3329
2.899000,3339
2.900000,3263
2.820000,3363
2.821000,3242
2.822000,3225
2.823000,3287
2.824000,3279
2.825000,3224
2.826000,3352
2.827000,3324
2.828000,3305
2.829000,3269
2.830000,3290
2.831000,3154
2.832000,3367
2.833000,3262
2.834000,3246
2.835000,3256
2.836000,3231
2.837000,3224
2.838000,3268
2.839000,3202
2.840000,3197
2.841000,3274
2.842000,3246
2.843000,3281
2.844000,3240
2.845000,3186
2.846000,3229
2.847000,3193
2.848000,3227
2.849000,3207
2.850000,3151
2.851000,3168
2.852000,3336
2.853000,3234
2.854000,3234
2.855000,3289
2.856000,3304
2.857000,3245
2.858000,3307
2.859000,3154
2.860000,3251
2.861000,3253
2.862000,3219
2.863000,3186
2.864000,3176
2.865000,3184
2.866000,3052
2.867000,3132
2.868000,3070
2.869000,3013
2.870000,3008
2.871000,2909
2.872000,2994
2.873000,3053
2.874000,3160
2.875000,3153
2.876000,3227
2.877000,3233
2.878000,3131
2.879000,3244
2.880000,3274
2.881000,3197
2.882000,3276
2.883000,3251
2.884000,3187
2.885000,3171
2.886000,3185
2.887000,3260
2.888000,3199
2.889000,3236
2.890000,3236
2.891000,3207
2.892000,3373
2.893000,3223
2.894000,3195
2.895000,3352
2.896000,3288
2.897000,3329
2.898000,3286
2.899000,3222
2.900000,3219
2.820000,3236
2.821000,3278
2.822000,3231
2.823000,3249
2.824000,3180
2.825000,3276
2.826000,3235
2.827000,3289
2.828000,3167
2.829000,3340
2.830000,3181
2.831000,3291
2.832000,3253
2.833000,3154
2.834000,3237
2.835000,3245
2.836000,3204
2.837000,3274
2.838000,3295
2.839000,3263
2.840000,3256
2.841000,3281
2.842000,3241
2.843000,3311
2.844000,3267
2.845000,3423
2.846000,3232
2.847000,3230
2.848000,3297
2.849000,3252
2.850000,3230
2.851000,3167
2.852000,3210
2.853000,3259
2.854000,3174
2.855000,3214
2.856000,3298
2.857000,3271
2.858000,3265
2.859000,3237
2.860000,3226
2.861000,3210
2.862000,3182
2.863000,3365
2.864000,3143
2.865000,3208
2.866000,3050
2.867000,3116
2.868000,3050
2.869000,2990
2.870000,3025
2.871000,3029
2.872000,3115
2.873000,3082
2.874000,3045
2.875000,3117
2.876000,3215
2.877000,3110
2.878000,3219
2.879000,3189
2.880000,3175
2.881000,3189
2.882000,3142
2.883000,3221
2.884000,3117
2.885000,3240
2.886000,3214
2.887000,3223
2.888000,3156
2.889000,3168
2.890000,3139
2.891000,3191
2.892000,3252
2.893000,3304
2.894000,3209
2.895000,3198
2.896000,3308
2.897000,3257
2.898000,3352
2.899000,3252
2.900000,3335
2.820000,3239
2.821000,3264
2.822000,3181
2.823000,3261
2.824000,3117
2.825000,3202
2.826000,3238
2.827000,3260
2.828000,3161
2.829000,3203
2.830000,3147
2.831000,3125
2.832000,3192
2.833000,3109
2.834000,3006
2.835000,3105
2.836000,3251
2.837000,3164
2.838000,3000
2.839000,3092
2.840000,3179
2.841000,3117
2.842000,3155
2.843000,3083
2.844000,3150
2.845000,3130
2.846000,3057
2.847000,3052
2.848000,3066
2.849000,3167
2.850000,3031
2.851000,3090
2.852000,3118
2.853000,3116
2.854000,3030
2.855000,3123
2.856000,3102
2.857000,3134
2.858000,3136
2.859000,3086
2.860000,3156
2.861000,3111
2.862000,3264
2.863000,3164
2.864000,3067
2.865000,3002
2.866000,3103
2.867000,2959
2.868000,3017
2.869000,2985
2.870000,2929
2.871000,2880
2.872000,2955
2.873000,2981
2.874000,3142
2.875000,3131
2.876000,3017
2.877000,3188
2.878000,3193
2.879000,3180
2.880000,3131
2.881000,3246
2.882000,3168
2.883000,3210
2.884000,3200
2.885000,3169
2.886000,3157
2.887000,3118
2.888000,3167
2.889000,3216
2.890000,3158
2.891000,3188
2.892000,3149
2.893000,3207
2.894000,3080
2.895000,3050
2.896000,3142
2.897000,3171
2.898000,3158
2.899000,3123
2.900000,3120
2.820000,3189
2.821000,3181
2.822000,3150
2.823000,3217
2.824000,3144
2.825000,3226
2.826000,3166
2.827000,3099
2.828000,3206
2.829000,3153
2.830000,3250
2.831000,3081
2.832000,3206
2.833000,3163
2.834000,3194
2.835000,3283
2.836000,3152
2.837000,3244
2.838000,3262
2.839000,3148
2.840000,3228
2.841000,3193
2.842000,3249
2.843000,3193
2.844000,3233
2.845000,3268
2.846000,3145
2.847000,3089
2.848000,3212
2.849000,3267
2.850000,3208
2.851000,3162
2.852000,3177
2.853000,3265
2.854000,3242
2.855000,3138
2.856000,3287
2.857000,3256
2.858000,3151
2.859000,3199
2.860000,3128
2.861000,3177
2.862000,3285
2.863000,3187
2.864000,3181
2.865000,3164
2.866000,3182
2.867000,3041
2.868000,3054
2.869000,2943
2.870000,3038
2.871000,3028
2.872000,3001
2.873000,3071
2.874000,3013
2.875000,3063
2.876000,3145
2.877000,3164
2.878000,3200
2.879000,3207
2.880000,3164
2.881000,3216
2.882000,3077
2.883000,3111
2.884000,3148
2.885000,3299
2.886000,3284
2.887000,3159
2.888000,3259
2.889000,3266
2.890000,3194
2.891000,3117
2.892000,3272
2.893000,3159
2.894000,3140
2.895000,3266
2.896000,3298
2.897000,3200
2.898000,3267
2.899000,3157
2.900000,3294
2.820000,3154
2.821000,3214
2.822000,3214
2.823000,3186
2.824000,3136
2.825000,3240
2.826000,3202
2.827000,3269
2.828000,3332
2.829000,3254
2.830000,3248
2.831000,3224
2.832000,3198
2.833000,3258
2.834000,3190
2.835000,3233
2.836000,3235
2.837000,3222
2.838000,3238
2.839000,3213
2.840000,3309
2.841000,3282
2.842000,3218
2.843000,3287
2.844000,3289
2.845000,3382
2.846000,3348
2.847000,3286
2.848000,3248
2.849000,3234
2.850000,3256
2.851000,3312
2.852000,3255
2.853000,3279
2.854000,3273
2.855000,3243
2.856000,3248
2.857000,3286
2.858000,3300
2.859000,3260
2.860000,3317
2.861000,3331
2.862000,3258
2.863000,3285
2.864000,3198
2.865000,3163
2.866000,3132
2.867000,3080
2.868000,3123
2.869000,3072
2.870000,3065
2.871000,3104
2.872000,3020
2.873000,3091
2.874000,3113
2.875000,3191
2.876000,3108
2.877000,3257
2.878000,3231
2.879000,3203
2.880000,3335
2.881000,3190
2.882000,3263
2.883000,3301
2.884000,3201
2.885000,3205
2.886000,3175
2.887000,3360
2.888000,3269
2.889000,3382
2.890000,3337
2.891000,3191
2.892000,3191
2.893000,3253
2.894000,3275
2.895000,3183
2.896000,3407
2.897000,3149
2.898000,3204
2.899000,3218
2.900000,3206
2.820000,3163
2.821000,3341
2.822000,3362
2.823000,3294
2.824000,3283
2.825000,3392
2.826000,3256
2.827000,3289
2.828000,3297
2.829000,3183
2.830000,3337
2.831000,3217
2.832000,3120
2.833000,3253
2.834000,3273
2.835000,3292
2.836000,3105
2.837000,3132
2.838000,3270
2.839000,3233
2.840000,3177
2.841000,3110
2.842000,3147
2.843000,3204
2.844000,3072
2.845000,3164
2.846000,3122
2.847000,3176
2.848000,3094
2.849000,3197
2.850000,3167
2.851000,3314
2.852000,3162
2.853000,3213
2.854000,3149
2.855000,3170
2.856000,3216
2.857000,3130
2.858000,3184
2.859000,3159
2.860000,3211
2.861000,3214
2.862000,3279
2.863000,3238
2.864000,3133
2.865000,3270
2.866000,3090
2.867000,3146
2.868000,3062
2.869000,2920
2.870000,3024
2.871000,2941
2.872000,3117
2.873000,3158
2.874000,2995
2.875000,3099
2.876000,3141
2.877000,3223
2.878000,3275
2.879000,3207
2.880000,3287
2.881000,3257
2.882000,3281
2.883000,3372
2.884000,3284
2.885000,3275
2.886000,3289
2.887000,3268
2.888000,3376
2.889000,3276
2.890000,3446
2.891000,3222
2.892000,3288
2.893000,3426
2.894000,3348
2.895000,3363
2.896000,3331
2.897000,3356
2.898000,3332
2.899000,3425
2.900000,3348
2.820000,3382
2.821000,3482
2.822000,3280
2.823000,3405
2.824000,3292
2.825000,3408
2.826000,3284
2.827000,3320
2.828000,3300
2.829000,3180
2.830000,3346
2.831000,3281
2.832000,3279
2.833000,3320
2.834000,3224
2.835000,3302
2.836000,3317
2.837000,3387
2.838000,3378
2.839000,3375
2.840000,3182
2.841000,3369
2.842000,3283
2.843000,3469
2.844000,3339
2.845000,3369
2.846000,3334
2.847000,3364
2.848000,3215
2.849000,3321
2.850000,3287
2.851000,3264
2.852000,3317
2.853000,3280
2.854000,3419
2.855000,3369
2.856000,3305
2.857000,3273
2.858000,3308
2.859000,3239
2.860000,3335
2.861000,3333
2.862000,3243
2.863000,3197
2.864000,3345
2.865000,3370
2.866000,3203
2.867000,3272
2.868000,3248
2.869000,3130
2.870000,3097
2.871000,3179
2.872000,3151
2.873000,3195
2.874000,3151
2.875000,3178
2.876000,3291
2.877000,3327
2.878000,3363
2.879000,3242
2.880000,3326
2.881000,3273
2.882000,3403
2.883000,3270
2.884000,3373
2.885000,3386
2.886000,3426
2.887000,3315
2.888000,3286
2.889000,3391
2.890000,3366
2.891000,3281
2.892000,3360
2.893000,3330
2.894000,3365
2.895000,3265
2.896000,3328
2.897000,3351
2.898000,3459
2.899000,3389
2.900000,3379
2.820000,3346
2.821000,3318
2.822000,3339
2.823000,3427
2.824000,3367
2.825000,3256
2.826000,3484
2.827000,3420
2.828000,3412
2.829000,3303
2.830000,3403
2.831000,3443
2.832000,3392
2.833000,3411
2.834000,3412
2.835000,3344
2.836000,3332
2.837000,3367
2.838000,3346
2.839000,3209
2.840000,3365
2.841000,3311
2.842000,3340
2.843000,3303
2.844000,3336
2.845000,3410
2.846000,3279
2.847000,3267
2.848000,3527
2.849000,3415
2.850000,3398
2.851000,3412
2.852000,3423
2.853000,3382
2.854000,3424
2.855000,3370
2.856000,3292
2.857000,3346
2.858000,3288
2.859000,3271
2.860000,3339
2.861000,3337
2.862000,3297
2.863000,3277
2.864000,3268
2.865000,3220
2.866000,3212
2.867000,3133
2.868000,3115
2.869000,3016
2.870000,3027
2.871000,3128
2.872000,3035
2.873000,3097
2.874000,3169
2.875000,3123
2.876000,3212
2.877000,3255
2.878000,3256
2.879000,3296
2.880000,3364
2.881000,3421
2.882000,3316
2.883000,3409
2.884000,3416
2.885000,3307
2.886000,3405
2.887000,3250
2.888000,3327
2.889000,3319
2.890000,3295
2.891000,3363
2.892000,3370
2.893000,3322
2.894000,3446
2.895000,3307
2.896000,3428
2.897000,3298
2.898000,3405
2.899000,3398
2.900000,3358
2.820000,3349
2.821000,3378
2.822000,3359
2.823000,3244
2.824000,3326
2.825000,3347
2.826000,3372
2.827000,3329
2.828000,3407
2.829000,3336
2.830000,3357
2.831000,3369
2.832000,3339
2.833000,3298
2.834000,3302
2.835000,3464
2.836000,3427
2.837000,3390
2.838000,3282
2.839000,3300
2.840000,3347
2.841000,3349
2.842000,3407
2.843000,3315
2.844000,3298
2.845000,3452
2.846000,3385
2.847000,3462
2.848000,3397
2.849000,3336
2.850000,3411
2.851000,3343
2.852000,3357
2.853000,3405
2.854000,3349
2.855000,3368
2.856000,3348
2.857000,3375
2.858000,3459
2.859000,3356
2.860000,3249
2.861000,3389
2.862000,3334
2.863000,3343
2.864000,3327
2.865000,3182
2.866000,3227
2.867000,3236
2.868000,3192
2.869000,3188
2.870000,3283
2.871000,3137
2.872000,3214
2.873000,3215
2.874000,3066
2.875000,3165
2.876000,3366
2.877000,3309
2.878000,3359
2.879000,3344
2.880000,3343
2.881000,3274
2.882000,3407
2.883000,3339
2.884000,3396
2.885000,3432
2.886000,3275
2.887000,3373
2.888000,3390
2.889000,3363
2.890000,3451
2.891000,3362
2.892000,3334
2.893000,3278
2.894000,3136
2.895000,3367
2.896000,3359
2.897000,3324
2.898000,3216
2.899000,3204
2.900000,3161
2.820000,3148
2.821000,3239
2.822000,3191
2.823000,3305
2.824000,3219
2.825000,3156
2.826000,3189
2.827000,3186
2.828000,3131
2.829000,3163
2.830000,3323
2.831000,3091
2.832000,3178
2.833000,3129
2.834000,3245
2.835000,3236
2.836000,3256
2.837000,3336
2.838000,3140
2.839000,3251
2.840000,3199
2.841000,3214
2.842000,3150
2.843000,3129
2.844000,3157
2.845000,3117
2.846000,3157
2.847000,3060
2.848000,3147
2.849000,3076
2.850000,3104
2.851000,3203
2.852000,3142
2.853000,3083
2.854000,3038
2.855000,3125
2.856000,3246
2.857000,3020
2.858000,3188
2.859000,3199
2.860000,3083
2.861000,3094
2.862000,3160
2.863000,3083
2.864000,3099
2.865000,3194
2.866000,3037
2.867000,2983
2.868000,2925
2.869000,2888
2.870000,3010
2.871000,3048
2.872000,2907
2.873000,2994
2.874000,3047
2.875000,3122
2.876000,3102
2.877000,3232
2.878000,3310
2.879000,3099
2.880000,3238
2.881000,3061
2.882000,3052
2.883000,3196
2.884000,3192
2.885000,3259
2.886000,3238
2.887000,3292
2.888000,3245
2.889000,3180
2.890000,3205
2.891000,3148
2.892000,3241
2.893000,3272
2.894000,3338
2.895000,3265
2.896000,3271
2.897000,3316
2.898000,3236
2.899000,3239
2.900000,3335
2.820000,3183
2.821000,3215
2.822000,3295
2.823000,3232
2.824000,3246
2.825000,3217
2.826000,3324
2.827000,3243
2.828000,3168
2.829000,3231
2.830000,3335
2.831000,3227
2.832000,3407
2.833000,3347
2.834000,3266
2.835000,3458
2.836000,3405
2.837000,3322
2.838000,3317
2.839000,3381
2.840000,3389
2.841000,3283
2.842000,3425
2.843000,3340
2.844000,3401
2.845000,3425
2.846000,3351
2.847000,3410
2.848000,3430
2.849000,3315
2.850000,3395
2.851000,3474
2.852000,3299
2.853000,3418
2.854000,3413
2.855000,3319
2.856000,3342
2.857000,3429
2.858000,3405
2.859000,3419
2.860000,3320
2.861000,3375
2.862000,3316
2.863000,3414
2.864000,3306
2.865000,3278
2.866000,3166
2.867000,3258
2.868000,3204
2.869000,3129
2.870000,3143
2.871000,3078
2.872000,3208
2.873000,3196
2.874000,3148
2.875000,3210
2.876000,3244
2.877000,3286
2.878000,3290
2.879000,3405
2.880000,3383
2.881000,3370
2.882000,3300
2.883000,3452
2.884000,3364
2.885000,3426
2.886000,3386
2.887000,3333
2.888000,3414
2.889000,3352
2.890000,3326
2.891000,3438
2.892000,3392
2.893000,3438
2.894000,3474
2.895000,3450
2.896000,3372
2.897000,3353
2.898000,3369
2.899000,3454
2.900000,3526
2.820000,3263
2.821000,3422
2.822000,3336
2.823000,3398
2.824000,3409
2.825000,3393
2.826000,3480
2.827000,3418
2.828000,3446
2.829000,3459
2.830000,3489
2.831000,3434
2.832000,3379
2.833000,3281
2.834000,3442
2.835000,3267
2.836000,3462
2.837000,3446
2.838000,3440
2.839000,3435
2.840000,3278
2.841000,3438
2.842000,3456
2.843000,3472
2.844000,3316
2.845000,3383
2.846000,3414
2.847000,3480
2.848000,3562
2.849000,3420
2.850000,3407
2.851000,3538
2.852000,3480
2.853000,3445
2.854000,3472
2.855000,3536
2.856000,3474
2.857000,3462
2.858000,3503
2.859000,3476
2.860000,3387
2.861000,3433
2.862000,3365
2.863000,3421
2.864000,3369
2.865000,3332
2.866000,3398
2.867000,3267
2.868000,3182
2.869000,3220
2.870000,3171
2.871000,3202
2.872000,3210
2.873000,3219
2.874000,3203
2.875000,3221
2.876000,3348
2.877000,3379
2.878000,3366
2.879000,3420
2.880000,3515
2.881000,3411
2.882000,3344
2.883000,3405
2.884000,3384
2.885000,3464
2.886000,3392
2.887000,3409
2.888000,3451
2.889000,3326
2.890000,3396
2.891000,3517
2.892000,3423
2.893000,3516
2.894000,3382
2.895000,3350
2.896000,3398
2.897000,3378
2.898000,3414
2.899000,3411
2.900000,3418
2.820000,3415
2.821000,3464
2.822000,3504
2.823000,3520
2.824000,3553
2.825000,3381
2.826000,3469
2.827000,3450
2.828000,3482
2.829000,3464
2.830000,3379
2.831000,3475
2.832000,3507
2.833000,3465
2.834000,3355
2.835000,3541
2.836000,3413
2.837000,3567
2.838000,3385
2.839000,3453
2.840000,3596
2.841000,3461
2.842000,3355
2.843000,3451
2.844000,3421
2.845000,3349
2.846000,3340
2.847000,3378
2.848000,3200
2.849000,3351
2.850000,3090
2.851000,3302
2.852000,3278
2.853000,3330
2.854000,3310
2.855000,3376
2.856000,3326
2.857000,3320
2.858000,3283
2.859000,3327
2.860000,3252
2.861000,3179
2.862000,3304
2.863000,3271
2.864000,3213
2.865000,3155
2.866000,3088
2.867000,3121
2.868000,3141
2.869000,3132
2.870000,3030
2.871000,3071
2.872000,3118
2.873000,3203
2.874000,3180
2.875000,3209
2.876000,3275
2.877000,3281
2.878000,3216
2.879000,3389
2.880000,3371
2.881000,3442
2.882000,3304
2.883000,3361
2.884000,3309
2.885000,3557
2.886000,3367
2.887000,3330
2.888000,3425
2.889000,3417
2.890000,3454
2.891000,3400
2.892000,3307
2.893000,3398
2.894000,3374
2.895000,3342
2.896000,3351
2.897000,3328
2.898000,3352
2.899000,3278
2.900000,3278
2.820000,3285
2.821000,3229
2.822000,3362
2.823000,3217
2.824000,3304
2.825000,3431
2.826000,3327
2.827000,3265
2.828000,3276
2.829000,3385
2.830000,3260
2.831000,3355
2.832000,3279
2.833000,3335
2.834000,3342
2.835000,3356
2.836000,3373
2.837000,3320
2.838000,3264
2.839000,3397
2.840000,3393
2.841000,3397
2.842000,3315
2.843000,3381
2.844000,3478
2.845000,3308
2.846000,3350
2.847000,3404
2.848000,3250
2.849000,3348
2.850000,3287
2.851000,3403
2.852000,3338
2.853000,3339
2.854000,3320
2.855000,3301
2.856000,3290
2.857000,3273
2.858000,3337
2.859000,3260
2.860000,3234
2.861000,3375
2.862000,3336
2.863000,3401
2.864000,3388
2.865000,3361
2.866000,3153
2.867000,3162
2.868000,3177
2.869000,3148
2.870000,3091
2.871000,3062
2.872000,3101
2.873000,3244
2.874000,3215
2.875000,3163
2.876000,3190
2.877000,3414
2.878000,3283
2.879000,3283
2.880000,3376
2.881000,3387
2.882000,3345
2.883000,3447
2.884000,3383
2.885000,3446
2.886000,3336
2.887000,3437
2.888000,3425
2.889000,3326
2.890000,3316
2.891000,3400
2.892000,3363
2.893000,3350
2.894000,3412
2.895000,3382
2.896000,3509
2.897000,3308
2.898000,3347
2.899000,3429
2.900000,3374
2.820000,3459
2.821000,3268
2.822000,3297
2.823000,3225
2.824000,3438
2.825000,3447
2.826000,3466
2.827000,3364
2.828000,3333
2.829000,3335
2.830000,3324
2.831000,3391
2.832000,3383
2.833000,3269
2.834000,3414
2.835000,3473
2.836000,3419
2.837000,3424
2.838000,3359
2.839000,3408
2.840000,3298
2.841000,3490
2.842000,3458
2.843000,3470
2.844000,3352
2.845000,3290
2.846000,3438
2.847000,3363
2.848000,3450
2.849000,3471
2.850000,3409
2.851000,3441
2.852000,3429
2.853000,3400
2.854000,3371
2.855000,3434
2.856000,3396
2.857000,3495
2.858000,3409
2.859000,3432
2.860000,3533
2.861000,3425
2.862000,3437
2.863000,3420
2.864000,3291
2.865000,3317
2.866000,3299
2.867000,3214
2.868000,3207
2.869000,3257
2.870000,3221
2.871000,3128
2.872000,3192
2.873000,3283
2.874000,3290
2.875000,3324
2.876000,3416
2.877000,3407
2.878000,3528
2.879000,3380
2.880000,3483
2.881000,3415
2.882000,3313
2.883000,3474
2.884000,3418
2.885000,3432
2.886000,3485
2.887000,3543
2.888000,3507
2.889000,3560
2.890000,3503
2.891000,3406
2.892000,3468
2.893000,3452
2.894000,3448
2.895000,3514
2.896000,3543
2.897000,3505
2.898000,3443
2.899000,3489
2.900000,3445
2.820000,3501
2.821000,3576
2.822000,3522
2.823000,3412
2.824000,3480
2.825000,3507
2.826000,3463
2.827000,3482
2.828000,3399
2.829000,3467
2.830000,3534
2.831000,3414
2.832000,3393
2.833000,3424
2.834000,3447
2.835000,3332
2.836000,3423
2.837000,3382
2.838000,3583
2.839000,3482
2.840000,3484
2.841000,3429
2.842000,3481
2.843000,3464
2.844000,3451
2.845000,3359
2.846000,3492
2.847000,3497
2.848000,3526
2.849000,3552
2.850000,3437
2.851000,3385
2.852000,3442
2.853000,3521
2.854000,3444
2.855000,3411
2.856000,3400
2.857000,3445
2.858000,3499
2.859000,3356
2.860000,3400
2.861000,3370
2.862000,3491
2.863000,3380
2.864000,3414
2.865000,3355
2.866000,3301
2.867000,3253
2.868000,3304
2.869000,3255
2.870000,3203
2.871000,3161
2.872000,3265
2.873000,3267
2.874000,3213
2.875000,3282
2.876000,3326
2.877000,3291
2.878000,3359
2.879000,3397
2.880000,3381
2.881000,3448
2.882000,3443
2.883000,3461
2.884000,3484
2.885000,3409
2.886000,3398
2.887000,3432
2.888000,3409
2.889000,3512
2.890000,3310
2.891000,3469
2.892000,3432
2.893000,3411
2.894000,3414
2.895000,3394
2.896000,3407
2.897000,3392
2.898000,3340
2.899000,3417
2.900000,3382
2.820000,3373
2.821000,3409
2.822000,3321
2.823000,3389
2.824000,3425
2.825000,3364
2.826000,3486
2.827000,3467
2.828000,3424
2.829000,3390
2.830000,3340
2.831000,3362
2.832000,3326
2.833000,3448
2.834000,3409
2.835000,3456
2.836000,3461
2.837000,3367
2.838000,3375
2.839000,3446
2.840000,3469
2.841000,3375
2.842000,3261
2.843000,3360
2.844000,3419
2.845000,3331
2.846000,3361
2.847000,3354
2.848000,3407
2.849000,3429
2.850000,3332
2.851000,3311
2.852000,3281
2.853000,3395
2.854000,3356
2.855000,3449
2.856000,3298
2.857000,3394
2.858000,3465
2.859000,3380
2.860000,3332
2.861000,3423
2.862000,3400
2.863000,3314
2.864000,3328
2.865000,3316
2.866000,3225
2.867000,3211
2.868000,3277
2.869000,3184
2.870000,3181
2.871000,3160
2.872000,3246
2.873000,3183
2.874000,3178
2.875000,3153
2.876000,3260
2.877000,3274
2.878000,3418
2.879000,3319
2.880000,3321
2.881000,3377
2.882000,3335
2.883000,3349
2.884000,3420
2.885000,3304
2.886000,3368
2.887000,3256
2.888000,3407
2.889000,3354
2.890000,3449
2.891000,3333
2.892000,3422
2.893000,3366
2.894000,3400
2.895000,3485
2.896000,3313
2.897000,3344
2.898000,3285
2.899000,3307
2.900000,3332
2.820000,3289
2.821000,3257
2.822000,3217
2.823000,3262
2.824000,3398
2.825000,3284
2.826000,3281
2.827000,3457
2.828000,3291
2.829000,3476
2.830000,3462
2.831000,3405
2.832000,3370
2.833000,3355
2.834000,3469
2.835000,3359
2.836000,3392
2.837000,3290
2.838000,3362
2.839000,3417
2.840000,3348
2.841000,3323
2.842000,3262
2.843000,3310
2.844000,3257
2.845000,3385
2.846000,3408
2.847000,3405
2.848000,3357
2.849000,3433
2.850000,3346
2.851000,3492
2.852000,3305
2.853000,3466
2.854000,3337
2.855000,3229
2.856000,3383
2.857000,3428
2.858000,3423
2.859000,3354
2.860000,3407
2.861000,3334
2.862000,3319
2.863000,3403
2.864000,3271
2.865000,3430
2.866000,3224
2.867000,3263
2.868000,3108
2.869000,3293
2.870000,3194
2.871000,3166
2.872000,3187
2.873000,3217
2.874000,3202
2.875000,3275
2.876000,3406
2.877000,3331
2.878000,3434
2.879000,3425
2.880000,3422
2.881000,3451
2.882000,3373
2.883000,3486
2.884000,3367
2.885000,3249
2.886000,3300
2.887000,3373
2.888000,3402
2.889000,3404
2.890000,3351
2.891000,3327
2.892000,3483
2.893000,3359
2.894000,3443
2.895000,3416
2.896000,3397
2.897000,3378
2.898000,3351
2.899000,3347
2.900000,3382
2.820000,3414
2.821000,3375
2.822000,3316
2.823000,3298
2.824000,3383
2.825000,3326
2.826000,3387
2.827000,3426
2.828000,3371
2.829000,3309
2.830000,3345
2.831000,3404
2.832000,3380
2.833000,3339
2.834000,3335
2.835000,3372
2.836000,3368
2.837000,3482
2.838000,3413
2.839000,3333
2.840000,3290
2.841000,3239
2.842000,3432
2.843000,3332
2.844000,3367
2.845000,3456
2.846000,3359
2.847000,3329
2.848000,3206
2.849000,3357
2.850000,3490
2.851000,3513
2.852000,3257
2.853000,3425
2.854000,3458
2.855000,3455
2.856000,3468
2.857000,3311
2.858000,3326
2.859000,3463
2.860000,3418
2.861000,3336
2.862000,3364
2.863000,3393
2.864000,3327
2.865000,3216
2.866000,3200
2.867000,3245
2.868000,3219
2.869000,3307
2.870000,3157
2.871000,3132
2.872000,3060
2.873000,3062
2.874000,3211
2.875000,3233
2.876000,3264
2.877000,3363
2.878000,3336
2.879000,3382
2.880000,3274
2.881000,3331
2.882000,3303
2.883000,3314
2.884000,3363
2.885000,3324
2.886000,3466
2.887000,3304
2.888000,3343
2.889000,3382
2.890000,3348
2.891000,3330
2.892000,3329
2.893000,3330
2.894000,3346
2.895000,3330
2.896000,3487
2.897000,3453
2.898000,3352
2.899000,3430
2.900000,3334
2.820000,3384
2.821000,3309
2.822000,3472
2.823000,3394
2.824000,3413
2.825000,3425
2.826000,3397
2.827000,3361
2.828000,3435
2.829000,3331
2.830000,3369
2.831000,3353
2.832000,3329
2.833000,3287
2.834000,3364
2.835000,3385
2.836000,3366
2.837000,3295
2.838000,3294
2.839000,3264
2.840000,3258
2.841000,3354
2.842000,3276
2.843000,3332
2.844000,3356
2.845000,3298
2.846000,3267
2.847000,3340
2.848000,3321
2.849000,3343
2.850000,3314
2.851000,3451
2.852000,3388
2.853000,3263
2.854000,3296
2.855000,3338
2.856000,3314
2.857000,3349
2.858000,3307
2.859000,3255
2.860000,3262
2.861000,3271
2.862000,3218
2.863000,3299
2.864000,3280
2.865000,3342
2.866000,3195
2.867000,3237
2.868000,3144
2.869000,3121
2.870000,3078
2.871000,3188
2.872000,3216
2.873000,3167
2.874000,3184
2.875000,3139
2.876000,3319
2.877000,3283
2.878000,3294
2.879000,3357
2.880000,3421
2.881000,3370
2.882000,3352
2.883000,3289
2.884000,3319
2.885000,3449
2.886000,3358
2.887000,3336
2.888000,3368
2.889000,3322
2.890000,3381
2.891000,3262
2.892000,3303
2.893000,3402
2.894000,3253
2.895000,3384
2.896000,3372
2.897000,3398
2.898000,3245
2.899000,3346
2.900000,3406
2.820000,3390
2.821000,3367
2.822000,3373
2.823000,3450
2.824000,3522
2.825000,3398
2.826000,3479
2.827000,3394
2.828000,3317
2.829000,3389
2.830000,3309
2.831000,3349
2.832000,3386
2.833000,3393
2.834000,3483
2.835000,3323
2.836000,3322
2.837000,3323
2.838000,3446
2.839000,3457
2.840000,3426
2.841000,3378
2.842000,3467
2.843000,3443
2.844000,3372
2.845000,3353
2.846000,3407
2.847000,3404
2.848000,3480
2.849000,3361
2.850000,3379
2.851000,3467
2.852000,3412
2.853000,3404
2.854000,3530
2.855000,3433
2.856000,3375
2.857000,3405
2.858000,3407
2.859000,3378
2.860000,3417
2.861000,3395
2.862000,3425
2.863000,3390
2.864000,3336
2.865000,3331
2.866000,3195
2.867000,3184
2.868000,3329
2.869000,3243
2.870000,3222
2.871000,3150
2.872000,3309
2.873000,3367
2.874000,3394
2.875000,3337
2.876000,3371
2.877000,3449
2.878000,3427
2.879000,3435
2.880000,3515
2.881000,3471
2.882000,3437
2.883000,3550
2.884000,3434
2.885000,3501
2.886000,3549
2.887000,3393
2.888000,3449
2.889000,3457
2.890000,3442
2.891000,3459
2.892000,3447
2.893000,3466
2.894000,3461
2.895000,3470
2.896000,3435
2.897000,3549
2.898000,3379
2.899000,3511
2.900000,3556
2.820000,3457
2.821000,3400
2.822000,3470
2.823000,3504
2.824000,3500
2.825000,3600
2.826000,3491
2.827000,3407
2.828000,3492
2.829000,3533
2.830000,3499
2.831000,3492
2.832000,3513
2.833000,3516
2.834000,3507
2.835000,3556
2.836000,3473
2.837000,3489
2.838000,3496
2.839000,3454
2.840000,3592
2.841000,3446
2.842000,3513
2.843000,3491
2.844000,3473
2.845000,3435
2.846000,3473
2.847000,3395
2.848000,3560
2.849000,3464
2.850000,3384
2.851000,3476
2.852000,3458
2.853000,3367
2.854000,3545
2.855000,3413
2.856000,3251
2.857000,3378
2.858000,3368
2.859000,3343
2.860000,3450
2.861000,3366
2.862000,3401
2.863000,3406
2.864000,3253
2.865000,3295
2.866000,3267
2.867000,3189
2.868000,3234
2.869000,3191
2.870000,3158
2.871000,3135
2.872000,3160
2.873000,3229
2.874000,3179
2.875000,3176
2.876000,3153
2.877000,3240
2.878000,3248
2.879000,3287
2.880000,3426
2.881000,3303
2.882000,3417
2.883000,3323
2.884000,3281
2.885000,3344
2.886000,3393
2.887000,3314
2.888000,3319
2.889000,3312
2.890000,3288
2.891000,3419
2.892000,3301
2.893000,3337
2.894000,3363
2.895000,3363
2.896000,3354
2.897000,3369
2.898000,3276
2.899000,3304
2.900000,3358
2.820000,3383
2.821000,3300
2.822000,3362
2.823000,3315
2.824000,3376
2.825000,3254
2.826000,3416
2.827000,3342
2.828000,3298
2.829000,3374
2.830000,3377
2.831000,3292
2.832000,3344
2.833000,3291
2.834000,3074
2.835000,3095
2.836000,3145
2.837000,3158
2.838000,3249
2.839000,3357
2.840000,3275
2.841000,3379
2.842000,3374
2.843000,3306
2.844000,3407
2.845000,3337
2.846000,3279
2.847000,3336
2.848000,3304
2.849000,3413
2.850000,3392
2.851000,3299
2.852000,3365
2.853000,3426
2.854000,3348
2.855000,3313
2.856000,3339
2.857000,3451
2.858000,3287
2.859000,3242
2.860000,3211
2.861000,3274
2.862000,3352
2.863000,3318
2.864000,3430
2.865000,3377
2.866000,3325
2.867000,3320
2.868000,3245
2.869000,3282
2.870000,3319
2.871000,3363
2.872000,3322
2.873000,3306
2.874000,3393
2.875000,3362
2.876000,3392
2.877000,3468
2.878000,3534
2.879000,3422
2.880000,3418
2.881000,3483
2.882000,3478
2.883000,3416
2.884000,3558
2.885000,3403
2.886000,3458
2.887000,3487
2.888000,3468
2.889000,3508
2.890000,3451
2.891000,3430
2.892000,3448
2.893000,3442
2.894000,3425
2.895000,3505
2.896000,3374
2.897000,3500
2.898000,3552
2.899000,3461
2.900000,3506
2.820000,3498
2.821000,3554
2.822000,3462
2.823000,3499
2.824000,3554
2.825000,3494
2.826000,3499
2.827000,3530
2.828000,3436
2.829000,3589
2.830000,3470
2.831000,3465
2.832000,3600
2.833000,3456
2.834000,3529
2.835000,3562
2.836000,3481
2.837000,3426
2.838000,3477
2.839000,3479
2.840000,3471
2.841000,3474
2.842000,3519
2.843000,3451
2.844000,3530
2.845000,3424
2.846000,3510
2.847000,3409
2.848000,3524
2.849000,3557
2.850000,3400
2.851000,3550
2.852000,3436
2.853000,3405
2.854000,3451
2.855000,3422
2.856000,3529
2.857000,3449
2.858000,3543
2.859000,3344
2.860000,3517
2.861000,3478
2.862000,3400
2.863000,3527
2.864000,3474
2.865000,3379
2.866000,3280
2.867000,3365
2.868000,3242
2.869000,3409
2.870000,3271
2.871000,3245
2.872000,3253
2.873000,3312
2.874000,3380
2.875000,3418
2.876000,3310
2.877000,3482
2.878000,3451
2.879000,3404
2.880000,3567
2.881000,3531
2.882000,3394
2.883000,3484
2.884000,3511
2.885000,3486
2.886000,3447
2.887000,3441
2.888000,3516
2.889000,3414
2.890000,3447
2.891000,3530
2.892000,3573
2.893000,3498
2.894000,3526
2.895000,3436
2.896000,3507
2.897000,3510
2.898000,3488
2.899000,3384
2.900000,3420
2.820000,3435
2.821000,3472
2.822000,3591
2.823000,3469
2.824000,3430
2.825000,3519
2.826000,3366
2.827000,3386
2.828000,3442
2.829000,3429
2.830000,3474
2.831000,3503
2.832000,3422
2.833000,3514
2.834000,3540
2.835000,3425
2.836000,3380
2.837000,3477
2.838000,3456
2.839000,3419
2.840000,3401
2.841000,3464
2.842000,3472
2.843000,3421
2.844000,3439
2.845000,3428
2.846000,3359
2.847000,3354
2.848000,3431
2.849000,3426
2.850000,3450
2.851000,3436
2.852000,3523
2.853000,3270
2.854000,3335
2.855000,3418
2.856000,3360
2.857000,3476
2.858000,3434
2.859000,3399
2.860000,3368
2.861000,3447
2.862000,3521
2.863000,3400
2.864000,3393
2.865000,3275
2.866000,3149
2.867000,3227
2.868000,3236
2.869000,3146
2.870000,3261
2.871000,3243
2.872000,3083
2.873000,3318
2.874000,3176
2.875000,3355
2.876000,3360
2.877000,3551
2.878000,3355
2.879000,3378
2.880000,3350
2.881000,3361
2.882000,3349
2.883000,3444
2.884000,3389
2.885000,3358
2.886000,3307
2.887000,3354
2.888000,3461
2.889000,3370
2.890000,3469
2.891000,3350
2.892000,3431
2.893000,3370
2.894000,3365
2.895000,3445
2.896000,3353
2.897000,3327
2.898000,3381
2.899000,3397
2.900000,3499
2.820000,3410
2.821000,3357
2.822000,3383
2.823000,3376
2.824000,3375
2.825000,3419
2.826000,3341
2.827000,3397
2.828000,3389
2.829000,3313
2.830000,3336
2.831000,3292
2.832000,3355
2.833000,3373
2.834000,3354
2.835000,3382
2.836000,3339
2.837000,3287
2.838000,3349
2.839000,3305
2.840000,3272
2.841000,3390
2.842000,3416
2.843000,3301
2.844000,3365
2.845000,3409
2.846000,3402
2.847000,3423
2.848000,3436
2.849000,3285
2.850000,3258
2.851000,3399
2.852000,3408
2.853000,3304
2.854000,3310
2.855000,3412
2.856000,3616
2.857000,3298
2.858000,3384
2.859000,3494
2.860000,3389
2.861000,3338
2.862000,3277
2.863000,3269
2.864000,3306
2.865000,3254
2.866000,3234
2.867000,3225
2.868000,3117
2.869000,3200
2.870000,3232
2.871000,3206
2.872000,3115
2.873000,3230
2.874000,3235
2.875000,3339
2.876000,3221
2.877000,3462
2.878000,3382
2.879000,3258
2.880000,3339
2.881000,3483
2.882000,3296
2.883000,3312
2.884000,3338
2.885000,3348
2.886000,3374
2.887000,3404
2.888000,3489
2.889000,3418
2.890000,3407
2.891000,3346
2.892000,3513
2.893000,3346
2.894000,3353
2.895000,3396
2.896000,3433
2.897000,3392
2.898000,3510
2.899000,3392
2.900000,3424
2.820000,3451
2.821000,3482
2.822000,3499
2.823000,3326
2.824000,3370
2.825000,3408
2.826000,3393
2.827000,3485
2.828000,3312
2.829000,3536
2.830000,3371
2.831000,3438
2.832000,3529
2.833000,3597
2.834000,3376
2.835000,3521
2.836000,3547
2.837000,3540
2.838000,3356
2.839000,3463
2.840000,3375
2.841000,3424
2.842000,3464
2.843000,3463
2.844000,3429
2.845000,3465
2.846000,3484
2.847000,3385
2.848000,3481
2.849000,3354
2.850000,3414
2.851000,3482
2.852000,3460
2.853000,3431
2.854000,3342
2.855000,3451
2.856000,3441
2.857000,3468
2.858000,3384
2.859000,3442
2.860000,3457
2.861000,3433
2.862000,3498
2.863000,3352
2.864000,3471
2.865000,3400
2.866000,3318
2.867000,3140
2.868000,3288
2.869000,3315
2.870000,3329
2.871000,3269
2.872000,3262
2.873000,3266
2.874000,3350
2.875000,3377
2.876000,3337
2.877000,3384
2.878000,3338
2.879000,3421
2.880000,3350
2.881000,3378
2.882000,3384
2.883000,3382
2.884000,3419
2.885000,3433
2.886000,3429
2.887000,3465
2.888000,3398
2.889000,3385
2.890000,3375
2.891000,3408
2.892000,3379
2.893000,3412
2.894000,3484
2.895000,3459
2.896000,3366
2.897000,3395
2.898000,3392
2.899000,3451
2.900000,3375
2.820000,3428
2.821000,3410
2.822000,3372
2.823000,3426
2.824000,3412
2.825000,3381
2.826000,3538
2.827000,3381
2.828000,3432
2.829000,3435
2.830000,3441
2.831000,3400
2.832000,3495
2.833000,3399
2.834000,3399
2.835000,3452
2.836000,3539
2.837000,3458
2.838000,3524
2.839000,3496
2.840000,3414
2.841000,3431
2.842000,3403
2.843000,3335
2.844000,3496
2.845000,3486
2.846000,3363
2.847000,3402
2.848000,3412
2.849000,3391
2.850000,3373
2.851000,3448
2.852000,3449
2.853000,3517
2.854000,3413
2.855000,3448
2.856000,3416
2.857000,3318
2.858000,3406
2.859000,3461
2.860000,3371
2.861000,3518
2.862000,3443
2.863000,3483
2.864000,3371
2.865000,3285
2.866000,3380
2.867000,3265
2.868000,3204
2.869000,3364
2.870000,3275
2.871000,3219
2.872000,3163
2.873000,3255
2.874000,3269
2.875000,3359
2.876000,3368
2.877000,3344
2.878000,3366
2.879000,3440
2.880000,3269
2.881000,3457
2.882000,3410
2.883000,3312
2.884000,3535
2.885000,3397
2.886000,3456
2.887000,3467
2.888000,3488
2.889000,3520
2.890000,3417
2.891000,3466
2.892000,3467
2.893000,3603
2.894000,3437
2.895000,3431
2.896000,3364
2.897000,3526
2.898000,3395
2.899000,3491
2.900000,3459
2.820000,3455
2.821000,3521
2.822000,3403
2.823000,3461
2.824000,3351
2.825000,3373
2.826000,3321
2.827000,3323
2.828000,3338
2.829000,3362
2.830000,3310
2.831000,3296
2.832000,3231
2.833000,3308
2.834000,3206
2.835000,3223
2.836000,3179
2.837000,3179
2.838000,3268
2.839000,3083
2.840000,3163
2.841000,3154
2.842000,3129
2.843000,3182
2.844000,3183
2.845000,3180
2.846000,3258
2.847000,3166
2.848000,3172
2.849000,3175
2.850000,3150
2.851000,3264
2.852000,3139
2.853000,3263
2.854000,3173
2.855000,3244
2.856000,3095
2.857000,3132
2.858000,3157
2.859000,3188
2.860000,3043
2.861000,3111
2.862000,3151
2.863000,3127
2.864000,3026
2.865000,3035
2.866000,2982
2.867000,2854
2.868000,3045
2.869000,2921
2.870000,2896
2.871000,2864
2.872000,2920
2.873000,2960
2.874000,3094
2.875000,3122
2.876000,3139
2.877000,3166
2.878000,3063
2.879000,3082
2.880000,3208
2.881000,3157
2.882000,3145
2.883000,3263
2.884000,3193
2.885000,3286
2.886000,3152
2.887000,3206
2.888000,3159
2.889000,3193
2.890000,3187
2.891000,3183
2.892000,3289
2.893000,3193
2.894000,3321
2.895000,3180
2.896000,3097
2.897000,3193
2.898000,3382
2.899000,3214
2.900000,3186
2.820000,3093
2.821000,3179
2.822000,3279
2.823000,3199
2.824000,3145
2.825000,3280
2.826000,3195
2.827000,3166
2.828000,3213
2.829000,3186
2.830000,3166
2.831000,3183
2.832000,3159
2.833000,3105
2.834000,3290
2.835000,3186
2.836000,3157
2.837000,3136
2.838000,3209
2.839000,3102
2.840000,3159
2.841000,3077
2.842000,3163
2.843000,3201
2.844000,3184
2.845000,2674
2.846000,937
2.847000,339
2.848000,360
2.849000,359
2.850000,428
2.851000,1219
2.852000,2956
2.853000,3137
2.854000,3036
2.855000,3230
2.856000,3103
2.857000,3183
2.858000,3117
2.859000,3231
2.860000,3159
2.861000,3218
2.862000,3165
2.863000,3137
2.864000,3107
2.865000,3132
2.866000,2941
2.867000,3085
2.868000,3023
2.869000,3029
2.870000,2986
2.871000,2963
2.872000,2953
2.873000,3017
2.874000,3050
2.875000,3051
2.876000,3157
2.877000,3161
2.878000,3202
2.879000,3112
2.880000,3194
2.881000,3140
2.882000,3189
2.883000,3247
2.884000,3257
2.885000,3155
2.886000,3197
2.887000,3203
2.888000,3216
2.889000,3069
2.890000,3252
2.891000,3223
2.892000,3236
2.893000,3321
2.894000,3129
2.895000,3176
2.896000,3046
2.897000,3247
2.898000,3163
2.899000,3148
2.900000,3042
2.820000,3153
2.821000,3120
2.822000,3215
2.823000,3190
2.824000,3173
2.825000,3136
2.826000,3184
2.827000,3258
2.828000,3119
2.829000,3229
2.830000,3224
2.831000,3233
2.832000,3337
2.833000,3270
2.834000,3264
2.835000,3283
2.836000,3239
2.837000,3314
2.838000,3228
2.839000,3268
2.840000,3197
2.841000,3247
2.842000,3205
2.843000,3373
2.844000,3403
2.845000,3397
2.846000,3442
2.847000,3424
2.848000,3407
2.849000,3428
2.850000,3394
2.851000,3475
2.852000,3329
2.853000,3411
2.854000,3374
2.855000,3416
2.856000,3409
2.857000,3459
2.858000,3476
2.859000,3462
2.860000,3440
2.861000,3476
2.862000,3447
2.863000,3469
2.864000,3373
2.865000,3357
2.866000,3391
2.867000,3298
2.868000,3283
2.869000,3237
2.870000,3266
2.871000,3237
2.872000,3169
2.873000,3253
2.874000,3372
2.875000,3304
2.876000,3357
2.877000,3420
2.878000,3384
2.879000,3350
2.880000,3384
2.881000,3508
2.882000,3337
2.883000,3385
2.884000,3467
2.885000,3501
2.886000,3559
2.887000,3550
2.888000,3507
2.889000,3559
2.890000,3392
2.891000,3575
2.892000,3499
2.893000,3455
2.894000,3517
2.895000,3467
2.896000,3528
2.897000,3510
2.898000,3570
2.899000,3604
2.900000,3588
2.820000,3546
2.821000,3533
2.822000,3546
2.823000,3488
2.824000,3628
2.825000,3491
2.826000,3615
2.827000,3498
2.828000,3484
2.829000,3614
2.830000,3429
2.831000,3485
2.832000,3512
2.833000,3552
2.834000,3579
2.835000,3495
2.836000,3487
2.837000,3462
2.838000,3518
2.839000,3627
2.840000,3467
2.841000,3489
2.842000,3542
2.843000,3578
2.844000,3506
2.845000,3461
2.846000,3477
2.847000,3496
2.848000,3573
2.849000,3566
2.850000,3453
2.851000,3542
2.852000,3349
2.853000,3454
2.854000,3451
2.855000,3558
2.856000,3586
2.857000,3425
2.858000,3420
2.859000,3570
2.860000,3376
2.861000,3531
2.862000,3522
2.863000,3297
2.864000,3368
2.865000,3405
2.866000,3307
2.867000,3305
2.868000,3298
2.869000,3275
2.870000,3167
2.871000,3338
2.872000,3264
2.873000,3333
2.874000,3341
2.875000,3338
2.876000,3348
2.877000,3377
2.878000,3560
2.879000,3444
2.880000,3412
2.881000,3491
2.882000,3473
2.883000,3415
2.884000,3471
2.885000,3372
2.886000,3566
2.887000,3597
2.888000,3406
2.889000,3506
2.890000,3576
2.891000,3452
2.892000,3496
2.893000,3493
2.894000,3439
2.895000,3593
2.896000,3598
2.897000,3501
2.898000,3543
2.899000,3520
2.900000,3479
2.820000,3588
2.821000,3411
2.822000,3534
2.823000,3420
2.824000,3549
2.825000,3605
2.826000,3552
2.827000,3498
2.828000,3577
2.829000,3432
2.830000,3479
2.831000,3510
2.832000,3476
2.833000,3483
2.834000,3557
2.835000,3469
2.836000,3519
2.837000,3502
2.838000,3500
2.839000,3361
2.840000,3412
2.841000,3539
2.842000,3550
2.843000,3482
2.844000,3473
2.845000,3539
2.846000,3443
2.847000,3516
2.848000,3615
2.849000,3423
2.850000,3543
2.851000,3585
2.852000,3481
2.853000,3582
2.854000,3673
2.855000,3540
2.856000,3623
2.857000,3522
2.858000,3581
2.859000,3413
2.860000,3502
2.861000,3590
2.862000,3494
2.863000,3574
2.864000,3535
2.865000,3530
2.866000,3430
2.867000,3333
2.868000,3349
2.869000,3290
2.870000,3323
2.871000,3306
2.872000,3388
2.873000,3415
2.874000,3448
2.875000,3430
2.876000,3419
2.877000,3477
2.878000,3557
2.879000,3445
2.880000,3522
2.881000,3638
2.882000,3454
2.883000,3619
2.884000,3492
2.885000,3652
2.886000,3525
2.887000,3600
2.888000,3667
2.889000,3569
2.890000,3521
2.891000,3571
2.892000,3622
2.893000,3621
2.894000,3503
2.895000,3461
2.896000,3574
2.897000,3604
2.898000,3545
2.899000,3567
2.900000,3477
2.820000,3566
2.821000,3593
2.822000,3477
2.823000,3572
2.824000,3521
2.825000,3525
2.826000,3521
2.827000,3544
2.828000,3536
2.829000,3605
2.830000,3620
2.831000,3423
2.832000,3551
2.833000,3638
2.834000,3498
2.835000,3487
2.836000,3486
2.837000,3481
2.838000,3587
2.839000,3556
2.840000,3518
2.841000,3551
2.842000,3495
2.843000,3551
2.844000,3503
2.845000,3445
2.846000,3466
2.847000,3442
2.848000,3534
2.849000,3507
2.850000,3487
2.851000,3488
2.852000,3515
2.853000,3484
2.854000,3513
2.855000,3514
2.856000,3489
2.857000,3565
2.858000,3601
2.859000,3561
2.860000,3596
2.861000,3496
2.862000,3543
2.863000,3426
2.864000,3540
2.865000,3456
2.866000,3356
2.867000,3319
2.868000,3278
2.869000,3277
2.870000,3331
2.871000,3286
2.872000,3311
2.873000,3392
2.874000,3381
2.875000,3395
2.876000,3394
2.877000,3411
2.878000,3308
2.879000,3487
2.880000,3508
2.881000,3507
2.882000,3420
2.883000,3567
2.884000,3447
2.885000,3445
2.886000,3475
2.887000,3568
2.888000,3506
2.889000,3465
2.890000,3421
2.891000,3497
2.892000,3440
2.893000,3401
2.894000,3414
2.895000,3396
2.896000,3492
2.897000,3339
2.898000,3404
2.899000,3353
2.900000,3438
2.820000,3400
2.821000,3368
2.822000,3436
2.823000,3319
2.824000,3302
2.825000,3293
2.826000,3246
2.827000,3323
2.828000,3275
2.829000,3275
2.830000,3367
2.831000,3262
2.832000,3293
2.833000,3287
2.834000,3269
2.835000,3378
2.836000,3319
2.837000,3407
2.838000,3340
2.839000,3332
2.840000,3406
2.841000,3351
2.842000,3359
2.843000,3258
2.844000,3345
2.845000,3377
2.846000,3347
2.847000,3369
2.848000,3313
2.849000,3341
2.850000,3392
2.851000,3289
2.852000,3246
2.853000,3370
2.854000,3389
2.855000,3319
2.856000,3229
2.857000,3252
2.858000,3342
2.859000,3239
2.860000,3285
2.861000,3260
2.862000,3324
2.863000,3395
2.864000,3270
2.865000,3120
2.866000,3176
2.867000,3178
2.868000,3114
2.869000,3126
2.870000,3104
2.871000,3106
2.872000,3103
2.873000,3125
2.874000,3081
2.875000,3273
2.876000,3261
2.877000,3201
2.878000,3191
2.879000,3316
2.880000,3278
2.881000,3249
2.882000,3317
2.883000,3257
2.884000,3337
2.885000,3335
2.886000,3136
2.887000,3169
2.888000,3392
2.889000,3201
2.890000,3275
2.891000,3274
2.892000,3294
2.893000,3280
2.894000,3259
2.895000,3253
2.896000,3369
2.897000,3314
2.898000,3296
2.899000,3325
2.900000,3337
2.820000,3333
2.821000,3286
2.822000,3364
2.823000,3332
2.824000,3290
2.825000,3345
2.826000,3375
2.827000,3354
2.828000,3349
2.829000,3284
2.830000,3369
2.831000,3392
2.832000,3242
2.833000,3315
2.834000,3273
2.835000,3300
2.836000,3409
2.837000,3375
2.838000,3326
2.839000,3337
2.840000,3401
2.841000,3413
2.842000,3334
2.843000,3250
2.844000,3368
2.845000,3419
2.846000,3306
2.847000,3358
2.848000,3400
2.849000,3340
2.850000,3316
2.851000,3371
2.852000,3341
2.853000,3340
2.854000,3305
2.855000,3306
2.856000,3363
2.857000,3271
2.858000,3286
2.859000,3253
2.860000,3406
2.861000,3334
2.862000,3342
2.863000,3199
2.864000,3341
2.865000,3155
2.866000,3174
2.867000,3076
2.868000,3148
2.869000,3118
2.870000,3056
2.871000,3152
2.872000,3141
2.873000,3332
2.874000,3210
2.875000,3268
2.876000,3340
2.877000,3425
2.878000,3375
2.879000,3304
2.880000,3496
2.881000,3338
2.882000,3358
2.883000,3526
2.884000,3557
2.885000,3421
2.886000,3451
2.887000,3378
2.888000,3509
2.889000,3353
2.890000,3414
2.891000,3477
2.892000,3484
2.893000,3423
2.894000,3593
2.895000,3486
2.896000,3506
2.897000,3492
2.898000,3429
2.899000,3481
2.900000,3531
2.820000,3453
2.821000,3402
2.822000,3446
2.823000,3505
2.824000,3382
2.825000,3439
2.826000,3450
2.827000,3464
2.828000,3465
2.829000,3500
2.830000,3548
2.831000,3368
2.832000,3438
2.833000,3409
2.834000,3527
2.835000,3481
2.836000,3465
2.837000,3436
2.838000,3491
2.839000,3419
2.840000,3510
2.841000,3569
2.842000,3320
2.843000,3428
2.844000,3595
2.845000,3431
2.846000,3468
2.847000,3541
2.848000,3506
2.849000,3513
2.850000,3454
2.851000,3524
2.852000,3551
2.853000,3531
2.854000,3629
2.855000,3590
2.856000,3553
2.857000,3602
2.858000,3548
2.859000,3489
2.860000,3544
2.861000,3530
2.862000,3454
2.863000,3523
2.864000,3364
2.865000,3327
2.866000,3154
2.867000,3265
2.868000,3154
2.869000,3321
2.870000,3167
2.871000,3186
2.872000,3256
2.873000,3186
2.874000,3239
2.875000,3383
2.876000,3446
2.877000,3589
2.878000,3426
2.879000,3461
2.880000,3495
2.881000,3406
2.882000,3384
2.883000,3477
2.884000,3581
2.885000,3588
2.886000,3518
2.887000,3500
2.888000,3579
2.889000,3528
2.890000,3489
2.891000,3500
2.892000,3555
2.893000,3572
2.894000,3606
2.895000,3623
2.896000,3513
2.897000,3537
2.898000,3429
2.899000,3577
2.900000,3548
2.820000,3442
2.821000,3589
2.822000,3430
2.823000,3560
2.824000,3499
2.825000,3522
2.826000,3613
2.827000,3498
2.828000,3508
2.829000,3586
2.830000,3519
2.831000,3490
2.832000,3522
2.833000,3609
2.834000,3561
2.835000,3531
2.836000,3521
2.837000,3512
2.838000,3477
2.839000,3628
2.840000,3491
2.841000,3535
2.842000,3519
2.843000,3432
2.844000,3580
2.845000,3605
2.846000,3466
2.847000,3501
2.848000,3498
2.849000,3528
2.850000,3559
2.851000,3618
2.852000,3586
2.853000,3524
2.854000,3582
2.855000,3550
2.856000,3520
2.857000,3489
2.858000,3514
2.859000,3547
2.860000,3589
2.861000,3443
2.862000,3584
2.863000,3450
2.864000,3443
2.865000,3383
2.866000,3290
2.867000,3270
2.868000,3258
2.869000,3282
2.870000,3263
2.871000,3262
2.872000,3317
2.873000,3280
2.874000,3247
2.875000,3333
2.876000,3356
2.877000,3494
2.878000,3423
2.879000,3542
2.880000,3489
2.881000,3464
2.882000,3558
2.883000,3465
2.884000,3510
2.885000,3544
2.886000,3420
2.887000,3488
2.888000,3419
2.889000,3485
2.890000,3432
2.891000,3479
2.892000,3550
2.893000,3427
2.894000,3588
2.895000,3579
2.896000,3504
2.897000,3630
2.898000,3570
2.899000,3408
2.900000,3466
2.820000,3504
2.821000,3512
2.822000,3662
2.823000,3488
2.824000,3575
2.825000,3586
2.826000,3510
2.827000,3646
2.828000,3564
2.829000,3599
2.830000,3529
2.831000,3543
2.832000,3576
2.833000,3625
2.834000,3502
2.835000,3695
2.836000,3556
2.837000,3593
2.838000,3569
2.839000,3677
2.840000,3573
2.841000,3663
2.842000,3597
2.843000,3543
2.844000,3554
2.845000,3553
2.846000,3636
2.847000,3570
2.848000,3444
2.849000,3639
2.850000,3538
2.851000,3548
2.852000,3447
2.853000,3493
2.854000,3302
2.855000,3493
2.856000,3375
2.857000,3379
2.858000,3391
2.859000,3285
2.860000,3379
2.861000,3428
2.862000,3428
2.863000,3316
2.864000,3327
2.865000,3291
2.866000,3230
2.867000,3273
2.868000,3127
2.869000,3128
2.870000,3172
2.871000,3184
2.872000,3095
2.873000,3212
2.874000,3267
2.875000,3174
2.876000,3309
2.877000,3403
2.878000,3536
2.879000,3445
2.880000,3447
2.881000,3529
2.882000,3499
2.883000,3504
2.884000,3417
2.885000,3465
2.886000,3295
2.887000,3327
2.888000,3546
2.889000,3445
2.890000,3447
2.891000,3301
2.892000,3437
2.893000,3480
2.894000,3470
2.895000,3532
2.896000,3186
2.897000,3312
2.898000,3330
2.899000,3329
2.900000,3416
2.820000,3342
2.821000,3337
2.822000,3086
2.823000,3151
2.824000,3367
2.825000,3305
2.826000,3273
2.827000,3376
2.828000,3080
2.829000,3158
2.830000,3126
2.831000,3155
2.832000,3316
2.833000,3280
2.834000,3228
2.835000,3260
2.836000,3215
2.837000,3254
2.838000,3161
2.839000,3114
2.840000,3309
2.841000,3165
2.842000,3250
2.843000,3236
2.844000,3288
2.845000,3305
2.846000,3349
2.847000,3370
2.848000,3292
2.849000,3254
2.850000,3337
2.851000,3287
2.852000,3331
2.853000,3196
2.854000,3247
2.855000,3320
2.856000,3240
2.857000,3285
2.858000,3389
2.859000,3302
2.860000,3352
2.861000,3265
2.862000,3185
2.863000,3205
2.864000,3169
2.865000,3255
2.866000,3092
2.867000,3107
2.868000,3001
2.869000,3060
2.870000,3004
2.871000,3078
2.872000,3039
2.873000,3083
2.874000,3141
2.875000,3242
2.876000,3280
2.877000,3335
2.878000,3395
2.879000,3249
2.880000,3287
2.881000,3283
2.882000,3375
2.883000,3307
2.884000,3276
2.885000,3407
2.886000,3356
2.887000,3422
2.888000,3393
2.889000,3533
2.890000,3263
2.891000,3295
2.892000,3412
2.893000,3283
2.894000,3378
2.895000,3358
2.896000,3401
2.897000,3271
2.898000,3428
2.899000,3346
2.900000,3301
2.820000,3403
2.821000,3447
2.822000,3488
2.823000,3489
2.824000,3554
2.825000,3410
2.826000,3394
2.827000,3329
2.828000,3346
2.829000,3442
2.830000,3404
2.831000,3402
2.832000,3302
2.833000,3279
2.834000,3359
2.835000,3261
2.836000,3332
2.837000,3357
2.838000,3300
2.839000,3440
2.840000,3477
2.841000,3447
2.842000,3363
2.843000,3343
2.844000,3371
2.845000,3315
2.846000,3347
2.847000,3252
2.848000,3421
2.849000,3270
2.850000,3244
2.851000,3324
2.852000,3218
2.853000,3322
2.854000,3176
2.855000,3200
2.856000,3211
2.857000,3118
2.858000,3173
2.859000,3178
2.860000,3215
2.861000,3039
2.862000,3163
2.863000,3009
2.864000,3109
2.865000,2990
2.866000,2941
2.867000,3004
2.868000,2924
2.869000,2805
2.870000,2878
2.871000,2894
2.872000,2798
2.873000,2731
2.874000,2815
2.875000,2871
2.876000,2955
2.877000,3083
2.878000,3105
2.879000,3039
2.880000,3071
2.881000,3046
2.882000,3174
2.883000,3160
2.884000,3085
2.885000,3047
2.886000,3145
2.887000,3150
2.888000,3129
2.889000,3200
2.890000,3153
2.891000,3192
2.892000,3129
2.893000,3135
2.894000,3088
2.895000,3162
2.896000,3155
2.897000,3215
2.898000,3186
2.899000,3159
2.900000,3174
2.820000,3096
2.821000,3170
2.822000,3147
2.823000,3224
2.824000,3122
2.825000,3185
2.826000,3154
2.827000,3058
2.828000,3118
2.829000,3116
2.830000,3269
2.831000,3282
2.832000,3317
2.833000,3309
2.834000,3211
2.835000,3249
2.836000,3198
2.837000,3191
2.838000,3294
2.839000,3251
2.840000,3200
2.841000,3306
2.842000,3335
2.843000,3242
2.844000,3337
2.845000,3335
2.846000,3204
2.847000,3323
2.848000,3277
2.849000,3288
2.850000,3273
2.851000,3311
2.852000,3261
2.853000,3393
2.854000,3360
2.855000,3372
2.856000,3340
2.857000,3317
2.858000,3271
2.859000,3393
2.860000,3297
2.861000,3319
2.862000,3250
2.863000,3330
2.864000,3277
2.865000,3159
2.866000,3046
2.867000,3069
2.868000,3083
2.869000,2997
2.870000,3066
2.871000,3013
2.872000,2971
2.873000,3020
2.874000,3126
2.875000,3128
2.876000,3137
2.877000,3180
2.878000,3169
2.879000,3232
2.880000,3277
2.881000,3165
2.882000,3248
2.883000,3309
2.884000,3269
2.885000,3329
2.886000,3316
2.887000,3363
2.888000,3386
2.889000,3368
2.890000,3296
2.891000,3324
2.892000,3249
2.893000,3333
2.894000,3250
2.895000,3291
2.896000,3396
2.897000,3262
2.898000,3229
2.899000,3218
2.900000,3268
2.820000,3310
2.821000,3352
2.822000,3339
2.823000,3313
2.824000,3263
2.825000,3264
2.826000,3292
2.827000,3342
2.828000,3261
2.829000,3264
2.830000,3318
2.831000,3190
2.832000,3356
2.833000,3365
2.834000,3242
2.835000,3216
2.836000,3277
2.837000,3344
2.838000,3214
2.839000,3224
2.840000,3228
2.841000,3228
2.842000,3333
2.843000,3264
2.844000,3294
2.845000,3251
2.846000,3269
2.847000,3308
2.848000,3335
2.849000,3237
2.850000,3309
2.851000,3349
2.852000,3302
2.853000,3245
2.854000,3209
2.855000,3301
2.856000,3235
2.857000,3247
2.858000,3217
2.859000,3292
2.860000,3375
2.861000,3370
2.862000,3227
2.863000,3323
2.864000,3009
2.865000,3157
2.866000,3058
2.867000,2937
2.868000,3020
2.869000,2984
2.870000,3038
2.871000,3029
2.872000,2993
2.873000,3059
2.874000,3068
2.875000,3114
2.876000,3135
2.877000,3180
2.878000,3268
2.879000,3166
2.880000,3245
2.881000,3398
2.882000,3344
2.883000,3335
2.884000,3242
2.885000,3320
2.886000,3324
2.887000,3224
2.888000,3271
2.889000,3379
2.890000,3424
2.891000,3314
2.892000,3309
2.893000,3315
2.894000,3370
2.895000,3299
2.896000,3224
2.897000,3461
2.898000,3267
2.899000,3285
2.900000,3211
2.820000,3363
2.821000,3358
2.822000,3242
2.823000,3356
2.824000,3210
2.825000,3229
2.826000,3209
2.827000,3183
2.828000,3292
2.829000,3216
2.830000,3255
2.831000,3276
2.832000,3275
2.833000,3244
2.834000,3335
2.835000,3257
2.836000,3279
2.837000,3227
2.838000,3329
2.839000,3235
2.840000,3292
2.841000,3343
2.842000,3271
2.843000,3211
2.844000,3361
2.845000,3193
2.846000,3247
2.847000,3289
2.848000,3300
2.849000,3252
2.850000,3184
2.851000,3414
2.852000,3204
2.853000,3319
2.854000,3194
2.855000,3198
2.856000,3290
2.857000,3267
2.858000,3235
2.859000,3228
2.860000,3265
2.861000,3235
2.862000,3080
2.863000,3306
2.864000,3299
2.865000,3193
2.866000,3082
2.867000,3052
2.868000,2995
2.869000,3041
2.870000,3068
2.871000,3013
2.872000,2882
2.873000,3093
2.874000,3090
2.875000,3121
2.876000,3199
2.877000,3211
2.878000,3194
2.879000,3167
2.880000,3197
2.881000,3334
2.882000,3287
2.883000,3211
2.884000,3244
2.885000,3233
2.886000,3202
2.887000,3328
2.888000,3272
2.889000,3259
2.890000,3280
2.891000,3249
2.892000,3297
2.893000,3260
2.894000,3242
2.895000,3311
2.896000,3395
2.897000,3330
2.898000,3390
2.899000,3341
2.900000,3290
2.820000,3329
2.821000,3317
2.822000,3367
2.823000,3190
2.824000,3367
2.825000,3161
2.826000,3291
2.827000,3228
2.828000,3337
2.829000,3237
2.830000,3347
2.831000,3203
2.832000,3353
2.833000,3274
2.834000,3277
2.835000,3230
2.836000,3217
2.837000,3205
2.838000,3326
2.839000,3331
2.840000,3268
2.841000,3291
2.842000,3173
2.843000,3269
2.844000,3259
2.845000,3285
2.846000,3228
2.847000,3236
2.848000,3267
2.849000,3227
2.850000,3143
2.851000,3167
2.852000,3261
2.853000,3252
2.854000,3211
2.855000,3237
2.856000,3223
2.857000,3286
2.858000,3239
2.859000,3219
2.860000,3312
2.861000,3220
2.862000,3270
2.863000,3201
2.864000,3212
2.865000,3252
2.866000,3105
2.867000,3042
2.868000,3047
2.869000,2968
2.870000,2982
2.871000,3017
2.872000,2984
2.873000,3026
2.874000,2947
2.875000,3111
2.876000,3143
2.877000,3159
2.878000,3170
2.879000,3183
2.880000,3200
2.881000,3366
2.882000,3154
2.883000,3224
2.884000,3112
2.885000,3229
2.886000,3298
2.887000,3342
2.888000,3241
2.889000,3280
2.890000,3300
2.891000,3327
2.892000,3300
2.893000,3407
2.894000,3239
2.895000,3260
2.896000,3224
2.897000,3316
2.898000,3280
2.899000,3237
2.900000,3318
2.820000,3300
2.821000,3288
2.822000,3466
2.823000,3336
2.824000,3385
2.825000,3363
2.826000,3388
2.827000,3321
2.828000,3370
2.829000,3330
2.830000,3383
2.831000,3344
2.832000,3313
2.833000,3298
2.834000,3320
2.835000,3334
2.836000,3257
2.837000,3324
2.838000,3302
2.839000,3361
2.840000,3227
2.841000,3277
2.842000,3395
2.843000,3322
2.844000,3291
2.845000,3402
2.846000,3275
2.847000,3413
2.848000,3406
2.849000,3353
2.850000,3138
2.851000,3259
2.852000,3373
2.853000,3284
2.854000,3266
2.855000,3230
2.856000,3364
2.857000,3348
2.858000,3381
2.859000,3272
2.860000,3399
2.861000,3456
2.862000,3263
2.863000,3310
2.864000,3259
2.865000,3229
2.866000,3137
2.867000,3078
2.868000,3141
2.869000,3069
2.870000,3065
2.871000,3084
2.872000,3095
2.873000,3078
2.874000,3188
2.875000,3223
2.876000,3374
2.877000,3259
2.878000,3281
2.879000,3242
2.880000,3261
2.881000,3326
2.882000,3339
2.883000,3295
2.884000,3369
2.885000,3335
2.886000,3324
2.887000,3373
2.888000,3386
2.889000,3323
2.890000,3304
2.891000,3323
2.892000,3331
2.893000,3321
2.894000,3292
2.895000,3352
2.896000,3279
2.897000,3420
2.898000,3400
2.899000,3343
2.900000,3368
2.820000,3305
2.821000,3404
2.822000,3380
2.823000,3421
2.824000,3370
2.825000,3416
2.826000,3379
2.827000,3314
2.828000,3286
2.829000,3399
2.830000,3343
2.831000,3323
2.832000,3389
2.833000,3303
2.834000,3296
2.835000,3337
2.836000,3265
2.837000,3320
2.838000,3327
2.839000,3252
2.840000,3304
2.841000,3310
2.842000,3377
2.843000,3349
2.844000,3310
2.845000,3277
2.846000,3394
2.847000,3213
2.848000,3318
2.849000,3419
2.850000,3415
2.851000,3416
2.852000,3470
2.853000,3358
2.854000,3207
2.855000,3357
2.856000,3303
2.857000,3279
2.858000,3346
2.859000,3418
2.860000,3335
2.861000,3339
2.862000,3319
2.863000,3256
2.864000,3167
2.865000,3195
2.866000,3200
2.867000,3043
2.868000,3037
2.869000,3031
2.870000,3082
2.871000,2983
2.872000,2960
2.873000,3127
2.874000,3217
2.875000,3180
2.876000,3198
2.877000,3271
2.878000,3318
2.879000,3215
2.880000,3280
2.881000,3225
2.882000,3257
2.883000,3354
2.884000,3243
2.885000,3334
2.886000,3325
2.887000,3256
2.888000,3290
2.889000,3338
2.890000,3322
2.891000,3294
2.892000,3365
2.893000,3296
2.894000,3317
2.895000,3371
2.896000,3314
2.897000,3290
2.898000,3357
2.899000,3327
2.900000,3225
2.820000,3402
2.821000,3383
2.822000,3255
2.823000,3408
2.824000,3228
2.825000,3386
2.826000,3347
2.827000,3341
2.828000,3403
2.829000,3401
2.830000,3254
2.831000,3294
2.832000,3378
2.833000,3312
2.834000,3281
2.835000,3307
2.836000,3289
2.837000,3320
2.838000,3312
2.839000,3343
2.840000,3282
2.841000,3450
2.842000,3344
2.843000,3287
2.844000,3291
2.845000,3382
2.846000,3332
2.847000,3345
2.848000,3314
2.849000,3193
2.850000,3485
2.851000,3446
2.852000,3416
2.853000,3438
2.854000,3352
2.855000,3435
2.856000,3404
2.857000,3442
2.858000,3264
2.859000,3525
2.860000,3340
2.861000,3394
2.862000,3251
2.863000,3395
2.864000,3206
2.865000,3233
2.866000,3190
2.867000,3159
2.868000,3045
2.869000,2995
2.870000,3156
2.871000,3035
2.872000,3045
2.873000,3207
2.874000,3130
2.875000,3195
2.876000,3255
2.877000,3319
2.878000,3363
2.879000,3358
2.880000,3404
2.881000,3312
2.882000,3257
2.883000,3223
2.884000,3416
2.885000,3341
2.886000,3379
2.887000,3340
2.888000,3284
2.889000,3242
2.890000,3424
2.891000,3304
2.892000,3452
2.893000,3234
2.894000,3356
2.895000,3234
2.896000,3357
2.897000,3467
2.898000,3317
2.899000,3314
2.900000,3395
2.820000,3318
2.821000,3320
2.822000,3331
2.823000,3292
2.824000,3326
2.825000,3452
2.826000,3427
2.827000,3339
2.828000,3326
2.829000,3369
2.830000,3342
2.831000,3348
2.832000,3373
2.833000,3425
2.834000,3363
2.835000,3361
2.836000,3441
2.837000,3268
2.838000,3421
2.839000,3353
2.840000,3374
2.841000,3329
2.842000,3348
2.843000,3375
2.844000,3300
2.845000,3247
2.846000,3406
2.847000,3264
2.848000,3408
2.849000,3384
2.850000,3363
2.851000,3269
2.852000,3327
2.853000,3467
2.854000,3413
2.855000,3251
2.856000,3313
2.857000,3402
2.858000,3396
2.859000,3446
2.860000,3342
2.861000,3352
2.862000,3366
2.863000,3295
2.864000,3306
2.865000,3341
2.866000,3170
2.867000,3245
2.868000,3096
2.869000,3037
2.870000,3073
2.871000,3098
2.872000,3088
2.873000,3268
2.874000,3147
2.875000,3196
2.876000,3147
2.877000,3337
2.878000,3278
2.879000,3424
2.880000,3454
2.881000,3421
2.882000,3354
2.883000,3406
2.884000,3339
2.885000,3487
2.886000,3404
2.887000,3459
2.888000,3408
2.889000,3371
2.890000,3371
2.891000,3315
2.892000,3504
2.893000,3478
2.894000,3526
2.895000,3510
2.896000,3438
2.897000,3322
2.898000,3377
2.899000,3515
2.900000,3423
2.820000,3482
2.821000,3354
2.822000,3407
2.823000,3412
2.824000,3385
2.825000,3519
2.826000,3449
2.827000,3460
2.828000,3506
2.829000,3412
2.830000,3456
2.831000,3550
2.832000,3445
2.833000,3367
2.834000,3360
2.835000,3492
2.836000,3448
2.837000,3408
2.838000,3515
2.839000,3362
2.840000,3426
2.841000,3377
2.842000,3434
2.843000,3460
2.844000,3420
2.845000,3437
2.846000,3333
2.847000,3421
2.848000,3475
2.849000,3464
2.850000,3342
2.851000,3440
2.852000,3349
2.853000,3379
2.854000,3467
2.855000,3292
2.856000,3402
2.857000,3473
2.858000,3483
2.859000,3444
2.860000,3404
2.861000,3395
2.862000,3466
2.863000,3321
2.864000,3313
2.865000,3374
2.866000,3252
2.867000,3155
2.868000,3097
2.869000,3241
2.870000,3158
2.871000,3224
2.872000,3178
2.873000,3154
2.874000,3235
2.875000,3357
2.876000,3253
2.877000,3434
2.878000,3445
2.879000,3383
2.880000,3438
2.881000,3412
2.882000,3421
2.883000,3499
2.884000,3423
2.885000,3440
2.886000,3556
2.887000,3537
2.888000,3461
2.889000,3422
2.890000,3505
2.891000,3594
2.892000,3407
2.893000,3484
2.894000,3468
2.895000,3503
2.896000,3474
2.897000,3501
2.898000,3501
2.899000,3514
2.900000,3486
2.820000,3493
2.821000,3474
2.822000,3380
2.823000,3550
2.824000,3525
2.825000,3512
2.826000,3401
2.827000,3424
2.828000,3589
2.829000,3562
2.830000,3435
2.831000,3540
2.832000,3510
2.833000,3460
2.834000,3443
2.835000,3360
2.836000,3399
2.837000,3528
2.838000,3498
2.839000,3440
2.840000,3511
2.841000,3464
2.842000,3519
2.843000,3465
2.844000,3484
2.845000,3412
2.846000,3535
2.847000,3511
2.848000,3463
2.849000,3459
2.850000,3389
2.851000,3427
2.852000,3329
2.853000,3434
2.854000,3445
2.855000,3455
2.856000,3464
2.857000,3402
2.858000,3461
2.859000,3322
2.860000,3430
2.861000,3360
2.862000,3356
2.863000,3271
2.864000,3351
2.865000,3344
2.866000,3178
2.867000,3269
2.868000,3233
2.869000,3157
2.870000,3234
2.871000,3225
2.872000,3201
2.873000,3191
2.874000,3200
2.875000,3321
2.876000,3254
2.877000,3454
2.878000,3426
2.879000,3425
2.880000,3408
2.881000,3381
2.882000,3472
2.883000,3519
2.884000,3432
2.885000,3437
2.886000,3430
2.887000,3530
2.888000,3434
2.889000,3408
2.890000,3477
2.891000,3279
2.892000,3472
2.893000,3632
2.894000,3523
2.895000,3451
2.896000,3458
2.897000,3427
2.898000,3479
2.899000,3512
2.900000,3639
2.820000,3434
2.821000,3479
2.822000,3482
2.823000,3536
2.824000,3457
2.825000,3438
2.826000,3476
2.827000,3471
2.828000,3437
2.829000,3500
2.830000,3407
2.831000,3443
2.832000,3499
2.833000,3426
2.834000,3525
2.835000,3439
2.836000,3482
2.837000,3539
2.838000,3616
2.839000,3586
2.840000,3552
2.841000,3510
2.842000,3502
2.843000,3405
2.844000,3479
2.845000,3515
2.846000,3526
2.847000,3454
2.848000,3404
2.849000,3524
2.850000,3480
2.851000,3515
2.852000,3473
2.853000,3406
2.854000,3376
2.855000,3399
2.856000,3564
2.857000,3476
2.858000,3459
2.859000,3413
2.860000,3457
2.861000,3435
2.862000,3471
2.863000,3396
2.864000,3416
2.865000,3403
2.866000,3279
2.867000,3306
2.868000,3260
2.869000,3169
2.870000,3073
2.871000,3197
2.872000,3205
2.873000,3165
2.874000,3191
2.875000,3251
2.876000,3390
2.877000,3414
2.878000,3589
2.879000,3541
2.880000,3328
2.881000,3387
2.882000,3443
2.883000,3369
2.884000,3433
2.885000,3384
2.886000,3431
2.887000,3404
2.888000,3415
2.889000,3472
2.890000,3354
2.891000,3332
2.892000,3441
2.893000,3406
2.894000,3382
2.895000,3388
2.896000,3343
2.897000,3481
2.898000,3363
2.899000,3419
2.900000,3386
2.820000,3330
2.821000,3396
2.822000,3481
2.823000,3431
2.824000,3402
2.825000,3390
2.826000,3363
2.827000,3394
2.828000,3409
2.829000,3378
2.830000,3394
2.831000,3364
2.832000,3423
2.833000,3304
2.834000,3417
2.835000,3411
2.836000,3369
2.837000,3314
2.838000,3232
2.839000,3383
2.840000,3440
2.841000,3370
2.842000,3236
2.843000,3271
2.844000,3354
2.845000,3438
2.846000,3391
2.847000,3355
2.848000,3301
2.849000,3324
2.850000,3265
2.851000,3262
2.852000,3442
2.853000,3308
2.854000,3438
2.855000,3413
2.856000,3415
2.857000,3373
2.858000,3351
2.859000,3338
2.860000,3347
2.861000,3311
2.862000,3353
2.863000,3337
2.864000,3320
2.865000,3278
2.866000,3201
2.867000,3190
2.868000,3116
2.869000,3144
2.870000,3109
2.871000,3118
2.872000,3131
2.873000,3121
2.874000,3116
2.875000,3125
2.876000,3267
2.877000,3235
2.878000,3202
2.879000,3291
2.880000,3256
2.881000,3391
2.882000,3277
2.883000,3277
2.884000,3257
2.885000,3356
2.886000,3277
2.887000,3410
2.888000,3241
2.889000,3237
2.890000,3316
2.891000,3281
2.892000,3206
2.893000,3311
2.894000,3242
2.895000,3175
2.896000,3282
2.897000,3294
2.898000,3332
2.899000,3309
2.900000,3290
2.820000,3206
2.821000,3333
2.822000,3345
2.823000,3272
2.824000,3401
2.825000,3297
2.826000,3290
2.827000,3414
2.828000,3364
2.829000,3446
2.830000,3326
2.831000,3514
2.832000,3410
2.833000,3457
2.834000,3446
2.835000,3442
2.836000,3429
2.837000,3502
2.838000,3480
2.839000,3391
2.840000,3336
2.841000,3341
2.842000,3407
2.843000,3349
2.844000,3296
2.845000,3402
2.846000,3432
2.847000,3295
2.848000,3359
2.849000,3328
2.850000,3240
2.851000,3381
2.852000,3333
2.853000,3427
2.854000,3299
2.855000,3320
2.856000,3434
2.857000,3355
2.858000,3376
2.859000,3349
2.860000,3432
2.861000,3345
2.862000,3416
2.863000,3343
2.864000,3304
2.865000,3250
2.866000,3182
2.867000,3037
2.868000,3181
2.869000,3094
2.870000,3074
2.871000,2983
2.872000,3009
2.873000,3163
2.874000,3130
2.875000,3176
2.876000,3212
2.877000,3260
2.878000,3348
2.879000,3336
2.880000,3332
2.881000,3457
2.882000,3317
2.883000,3304
2.884000,3417
2.885000,3473
2.886000,3346
2.887000,3395
2.888000,3344
2.889000,3385
2.890000,3347
2.891000,3242
2.892000,3323
2.893000,3263
2.894000,3379
2.895000,3381
2.896000,3282
2.897000,3323
2.898000,3421
2.899000,3378
2.900000,3416
2.820000,3386
2.821000,3384
2.822000,3408
2.823000,3443
2.824000,3411
2.825000,3330
2.826000,3189
2.827000,3327
2.828000,3405
2.829000,3422
2.830000,3406
2.831000,3419
2.832000,3301
2.833000,3445
2.834000,3471
2.835000,3473
2.836000,3370
2.837000,3315
2.838000,3387
2.839000,3313
2.840000,3420
2.841000,3393
2.842000,3357
2.843000,3367
2.844000,3433
2.845000,3350
2.846000,3362
2.847000,3432
2.848000,3379
2.849000,3432
2.850000,3533
2.851000,3403
2.852000,3354
2.853000,3377
2.854000,3351
2.855000,3373
2.856000,3348
2.857000,3433
2.858000,3390
2.859000,3377
2.860000,3323
2.861000,3419
2.862000,3335
2.863000,3283
2.864000,3296
2.865000,3324
2.866000,3176
2.867000,3113
2.868000,3065
2.869000,3118
2.870000,3002
2.871000,3146
2.872000,3027
2.873000,3075
2.874000,3119
2.875000,3159
2.876000,3264
2.877000,3232
2.878000,3229
2.879000,3334
2.880000,3346
2.881000,3354
2.882000,3248
2.883000,3350
2.884000,3340
2.885000,3228
2.886000,3292
2.887000,3360
2.888000,3381
2.889000,3277
2.890000,3421
2.891000,3305
2.892000,3301
2.893000,3215
2.894000,3219
2.895000,3296
2.896000,3368
2.897000,3360
2.898000,3303
2.899000,3293
2.900000,3323
2.820000,3290
2.821000,3380
2.822000,3358
2.823000,3301
2.824000,3330
2.825000,3269
2.826000,3338
2.827000,3337
2.828000,3261
2.829000,3263
2.830000,3392
2.831000,3414
2.832000,3312
2.833000,3350
2.834000,3433
2.835000,3329
2.836000,3343
2.837000,3319
2.838000,3297
2.839000,3284
2.840000,3416
2.841000,3400
2.842000,3335
2.843000,3368
2.844000,3323
2.845000,3174
2.846000,3363
2.847000,3343
2.848000,3359
2.849000,3342
2.850000,3296
2.851000,3245
2.852000,3308
2.853000,3358
2.854000,3235
2.855000,3311
2.856000,3361
2.857000,3330
2.858000,3193
2.859000,3281
2.860000,3350
2.861000,3334
2.862000,3315
2.863000,3254
2.864000,3172
2.865000,3130
2.866000,3171
2.867000,2991
2.868000,3099
2.869000,3093
2.870000,3056
2.871000,3076
2.872000,2961
2.873000,2957
2.874000,3017
2.875000,3154
2.876000,3189
2.877000,3253
2.878000,3267
2.879000,3167
2.880000,3274
2.881000,3389
2.882000,3250
2.883000,3218
2.884000,3402
2.885000,3288
2.886000,3290
2.887000,3354
2.888000,3283
2.889000,3317
2.890000,3348
2.891000,3337
2.892000,3313
2.893000,3397
2.894000,3373
2.895000,3358
2.896000,3125
2.897000,3265
2.898000,3267
2.899000,3240
2.900000,3339
2.820000,3309
2.821000,3267
2.822000,3275
2.823000,3206
2.824000,3297
2.825000,3168
2.826000,3270
2.827000,3252
2.828000,3316
2.829000,3247
2.830000,3321
2.831000,3151
2.832000,3314
2.833000,3361
2.834000,3155
2.835000,3405
2.836000,3158
2.837000,3350
2.838000,3275
2.839000,3261
2.840000,3242
2.841000,3270
2.842000,3300
2.843000,3293
2.844000,3268
2.845000,3290
2.846000,3315
2.847000,3190
2.848000,3085
2.849000,3225
2.850000,3216
2.851000,3243
2.852000,3271
2.853000,3189
2.854000,3326
2.855000,3216
2.856000,3283
2.857000,3302
2.858000,3341
2.859000,3275
2.860000,3367
2.861000,3146
2.862000,3261
2.863000,3276
2.864000,3218
2.865000,3107
2.866000,3105
2.867000,3096
2.868000,3110
2.869000,2959
2.870000,2967
2.871000,3045
2.872000,3062
2.873000,2978
2.874000,3147
2.875000,3060
2.876000,3134
2.877000,3177
2.878000,3240
2.879000,3212
2.880000,3178
2.881000,3195
2.882000,3273
2.883000,3239
2.884000,3321
2.885000,3238
2.886000,3359
2.887000,3248
2.888000,3313
2.889000,3274
2.890000,3244
2.891000,3237
2.892000,3431
2.893000,3348
2.894000,3261
2.895000,3395
2.896000,3309
2.897000,3366
2.898000,3368
2.899000,3302
2.900000,3285
2.820000,3315
2.821000,3397
2.822000,3303
2.823000,3265
2.824000,3339
2.825000,3303
2.826000,3336
2.827000,3292
2.828000,3274
2.829000,3311
2.830000,3263
2.831000,3288
2.832000,3243
2.833000,3250
2.834000,3298
2.835000,3227
2.836000,3209
2.837000,3287
2.838000,3362
2.839000,3219
2.840000,3350
2.841000,3370
2.842000,3309
2.843000,3347
2.844000,3223
2.845000,3257
2.846000,3319
2.847000,3237
2.848000,3282
2.849000,3258
2.850000,3175
2.851000,3251
2.852000,3196
2.853000,3251
2.854000,3248
2.855000,3216
2.856000,3317
2.857000,3335
2.858000,3198
2.859000,3339
2.860000,3303
2.861000,3234
2.862000,3164
2.863000,3258
2.864000,3207
2.865000,3200
2.866000,3068
2.867000,3018
2.868000,3027
2.869000,3019
2.870000,2980
2.871000,3022
2.872000,2929
2.873000,2972
2.874000,3107
2.875000,3078
2.876000,3119
2.877000,3296
2.878000,3269
2.879000,3178
2.880000,3206
2.881000,3251
2.882000,3273
2.883000,3372
2.884000,3260
2.885000,3321
2.886000,3335
2.887000,3195
2.888000,3235
2.889000,3342
2.890000,3305
2.891000,3142
2.892000,3309
2.893000,3239
2.894000,3260
2.895000,3193
2.896000,3196
2.897000,3242
2.898000,3296
2.899000,3267
2.900000,3361
2.820000,3232
2.821000,3295
2.822000,3261
2.823000,3243
2.824000,3306
2.825000,3242
2.826000,3252
2.827000,3236
2.828000,3150
2.829000,3269
2.830000,3323
2.831000,3262
2.832000,3354
2.833000,3250
2.834000,3211
2.835000,3244
2.836000,3211
2.837000,3342
2.838000,3196
2.839000,3301
2.840000,3236
2.841000,3363
2.842000,3394
2.843000,3338
2.844000,3336
2.845000,3310
2.846000,3290
2.847000,3377
2.848000,3226
2.849000,3177
2.850000,3288
2.851000,3283
2.852000,3352
2.853000,3413
2.854000,3311
2.855000,3262
2.856000,3339
2.857000,3221
2.858000,3366
2.859000,3234
2.860000,3151
2.861000,3306
2.862000,3191
2.863000,3280
2.864000,3147
2.865000,3132
2.866000,3081
2.867000,3127
2.868000,3029
2.869000,2939
2.870000,3068
2.871000,2994
2.872000,3033
2.873000,3096
2.874000,3107
2.875000,3240
2.876000,3191
2.877000,3288
2.878000,3239
2.879000,3143
2.880000,3180
2.881000,3268
2.882000,3386
2.883000,3188
2.884000,3206
2.885000,3401
2.886000,3368
2.887000,3306
2.888000,3292
2.889000,3327
2.890000,3370
2.891000,3333
2.892000,3282
2.893000,3291
2.894000,3346
2.895000,3331
2.896000,3322
2.897000,3182
2.898000,3313
2.899000,3367
2.900000,3247
2.820000,3381
2.821000,3297
2.822000,3350
2.823000,3168
2.824000,3353
2.825000,3280
2.826000,3279
2.827000,3312
2.828000,3256
2.829000,3251
2.830000,3361
2.831000,3192
2.832000,3228
2.833000,3303
2.834000,3243
2.835000,3267
2.836000,3203
2.837000,3295
2.838000,3248
2.839000,3307
2.840000,3308
2.841000,3129
2.842000,3295
2.843000,3268
2.844000,3237
2.845000,3208
2.846000,3276
2.847000,3226
2.848000,3221
2.849000,3257
2.850000,3265
2.851000,3196
2.852000,3316
2.853000,3137
2.854000,3330
2.855000,3258
2.856000,3206
2.857000,3251
2.858000,3274
2.859000,3189
2.860000,3208
2.861000,3294
2.862000,3237
2.863000,3250
2.864000,3182
2.865000,3042
2.866000,3074
2.867000,2974
2.868000,3026
2.869000,2948
2.870000,2935
2.871000,2959
2.872000,2925
2.873000,2995
2.874000,2995
2.875000,3031
2.876000,3058
2.877000,3291
2.878000,3211
2.879000,3215
2.880000,3142
2.881000,3144
2.882000,3261
2.883000,3253
2.884000,3248
2.885000,3167
2.886000,3278
2.887000,3199
2.888000,3272
2.889000,3192
2.890000,3257
2.891000,3126
2.892000,3295
2.893000,3344
2.894000,3309
2.895000,3335
2.896000,3206
2.897000,3308
2.898000,3258
2.899000,3310
2.900000,3260
2.820000,3332
2.821000,3356
2.822000,3265
2.823000,3407
2.824000,3383
2.825000,3328
2.826000,3238
2.827000,3314
2.828000,3209
2.829000,3211
2.830000,3248
2.831000,3277
2.832000,3403
2.833000,3301
2.834000,3247
2.835000,3282
2.836000,3238
2.837000,3225
2.838000,3301
2.839000,3192
2.840000,3325
2.841000,3219
2.842000,3305
2.843000,3216
2.844000,3310
2.845000,3337
2.846000,3267
2.847000,3162
2.848000,3199
2.849000,3268
2.850000,3254
2.851000,3260
2.852000,3284
2.853000,3286
2.854000,3361
2.855000,3274
2.856000,3264
2.857000,3287
2.858000,3206
2.859000,3188
2.860000,3320
2.861000,3236
2.862000,3253
2.863000,3260
2.864000,3187
2.865000,3113
2.866000,3036
2.867000,3037
2.868000,2996
2.869000,2909
2.870000,3004
2.871000,2965
2.872000,2986
2.873000,3022
2.874000,3099
2.875000,3136
2.876000,3155
2.877000,3245
2.878000,3163
2.879000,3266
2.880000,3308
2.881000,3219
2.882000,3299
2.883000,3214
2.884000,3317
2.885000,3193
2.886000,3289
2.887000,3301
2.888000,3390
2.889000,3270
2.890000,3420
2.891000,3284
2.892000,3286
2.893000,3301
2.894000,3235
2.895000,3185
2.896000,3251
2.897000,3282
2.898000,3214
2.899000,3283
2.900000,3411
2.820000,3272
2.821000,3274
2.822000,3345
2.823000,3249
2.824000,3263
2.825000,3189
2.826000,3261
2.827000,3376
2.828000,3294
2.829000,3212
2.830000,3277
2.831000,3264
2.832000,3285
2.833000,3322
2.834000,3336
2.835000,3242
2.836000,3209
2.837000,3185
2.838000,3287
2.839000,3382
2.840000,3211
2.841000,3117
2.842000,3179
2.843000,3296
2.844000,3124
2.845000,3020
2.846000,3165
2.847000,3116
2.848000,3143
2.849000,3167
2.850000,3126
2.851000,3143
2.852000,3240
2.853000,3269
2.854000,3292
2.855000,3183
2.856000,3134
2.857000,3236
2.858000,3260
2.859000,3170
2.860000,3100
2.861000,3143
2.862000,3144
2.863000,3110
2.864000,3108
2.865000,3049
2.866000,2984
2.867000,2872
2.868000,2839
2.869000,2804
2.870000,2856
2.871000,2834
2.872000,2931
2.873000,2946
2.874000,2993
2.875000,2925
2.876000,3087
2.877000,3136
2.878000,3167
2.879000,3192
2.880000,3112
2.881000,3361
2.882000,3217
2.883000,3074
2.884000,3065
2.885000,3160
2.886000,3289
2.887000,3323
2.888000,3066
2.889000,3320
2.890000,3203
2.891000,3241
2.892000,3209
2.893000,3157
2.894000,3103
2.895000,3194
2.896000,3195
2.897000,3255
2.898000,3122
2.899000,3258
2.900000,3198
2.820000,3301
2.821000,3051
2.822000,3250
2.823000,3200
2.824000,3106
2.825000,3183
2.826000,3225
2.827000,3171
2.828000,3128
2.829000,3256
2.830000,3289
2.831000,3246
2.832000,3294
2.833000,3261
2.834000,3344
2.835000,3302
2.836000,3317
2.837000,3312
2.838000,3229
2.839000,3167
2.840000,3207
2.841000,3220
2.842000,3314
2.843000,3296
2.844000,3282
2.845000,3239
2.846000,3229
2.847000,3349
2.848000,3327
2.849000,3322
2.850000,3215
2.851000,3294
2.852000,3256
2.853000,3286
2.854000,3317
2.855000,3236
2.856000,3311
2.857000,3313
2.858000,3310
2.859000,3233
2.860000,3279
2.861000,3392
2.862000,3246
2.863000,3294
2.864000,3293
2.865000,3096
2.866000,3076
2.867000,2970
2.868000,3111
2.869000,3062
2.870000,3105
2.871000,3070
2.872000,2984
2.873000,3081
2.874000,3069
2.875000,3139
2.876000,3088
2.877000,3186
2.878000,3219
2.879000,3243
2.880000,3278
2.881000,3149
2.882000,3277
2.883000,3343
2.884000,3257
2.885000,3246
2.886000,3238
2.887000,3406
2.888000,3258
2.889000,3262
2.890000,3344
2.891000,3318
2.892000,3262
2.893000,3215
2.894000,3279
2.895000,3257
2.896000,3318
2.897000,3296
2.898000,3235
2.899000,3387
2.900000,3311
2.820000,3293
2.821000,3319
2.822000,3353
2.823000,3150
2.824000,3432
2.825000,3362
2.826000,3259
2.827000,3380
2.828000,3357
2.829000,3324
2.830000,3248
2.831000,3374
2.832000,3254
2.833000,3247
2.834000,3337
2.835000,3428
2.836000,3274
2.837000,3271
2.838000,3289
2.839000,3287
2.840000,3241
2.841000,3427
2.842000,3334
2.843000,3214
2.844000,3384
2.845000,3225
2.846000,3342
2.847000,3322
2.848000,3319
2.849000,3281
2.850000,3334
2.851000,3303
2.852000,3214
2.853000,3303
2.854000,3248
2.855000,3406
2.856000,3322
2.857000,3317
2.858000,3310
2.859000,3416
2.860000,3262
2.861000,3297
2.862000,3232
2.863000,3235
2.864000,3262
2.865000,3075
2.866000,3131
2.867000,3022
2.868000,3026
2.869000,2963
2.870000,3046
2.871000,3048
2.872000,3065
2.873000,3125
2.874000,3121
2.875000,3219
2.876000,3287
2.877000,3208
2.878000,3314
2.879000,3300
2.880000,3358
2.881000,3360
2.882000,3338
2.883000,3183
2.884000,3340
2.885000,3411
2.886000,3249
2.887000,3357
2.888000,3381
2.889000,3278
2.890000,3329
2.891000,3319
2.892000,3289
2.893000,3404
2.894000,3331
2.895000,3266
2.896000,3389
2.897000,3298
2.898000,3511
2.899000,3417
2.900000,3407
2.820000,3386
2.821000,3392
2.822000,3465
2.823000,3282
2.824000,3303
2.825000,3255
2.826000,3288
2.827000,3391
2.828000,3338
2.829000,3287
2.830000,3230
2.831000,3316
2.832000,3271
2.833000,3313
2.834000,3396
2.835000,3301
2.836000,3389
2.837000,3337
2.838000,3337
2.839000,3299
2.840000,3209
2.841000,3346
2.842000,3384
2.843000,3240
2.844000,3273
2.845000,3433
2.846000,3301
2.847000,3269
2.848000,3293
2.849000,3379
2.850000,3357
2.851000,3314
2.852000,3256
2.853000,3387
2.854000,3366
2.855000,3323
2.856000,3349
2.857000,3253
2.858000,3265
2.859000,3259
2.860000,3224
2.861000,3360
2.862000,3296
2.863000,3355
2.864000,3265
2.865000,3192
2.866000,3038
2.867000,3030
2.868000,3004
2.869000,3037
2.870000,3101
2.871000,3116
2.872000,3056
2.873000,3154
2.874000,3148
2.875000,3292
2.876000,3252
2.877000,3241
2.878000,3328
2.879000,3312
2.880000,3271
2.881000,3348
2.882000,3359
2.883000,3285
2.884000,3271
2.885000,3319
2.886000,3243
2.887000,3358
2.888000,3400
2.889000,3392
2.890000,3407
2.891000,3462
2.892000,3413
2.893000,3496
2.894000,3442
2.895000,3363
2.896000,3344
2.897000,3417
2.898000,3355
2.899000,3425
2.900000,3470
2.820000,3353
2.821000,3260
2.822000,3380
2.823000,3371
2.824000,3299
2.825000,3351
2.826000,3312
2.827000,3354
2.828000,3319
2.829000,3322
2.830000,3303
2.831000,3258
2.832000,3302
2.833000,3330
2.834000,3397
2.835000,3425
2.836000,3315
2.837000,3463
2.838000,3384
2.839000,3400
2.840000,3400
2.841000,3402
2.842000,3368
2.843000,3326
2.844000,3463
2.845000,3385
2.846000,3427
2.847000,3384
2.848000,3303
2.849000,3438
2.850000,3450
2.851000,3342
2.852000,3501
2.853000,3396
2.854000,3313
2.855000,3359
2.856000,3389
2.857000,3350
2.858000,3308
2.859000,3326
2.860000,3246
2.861000,3225
2.862000,3258
2.863000,3282
2.864000,3332
2.865000,3082
2.866000,3116
2.867000,3097
2.868000,3039
2.869000,3163
2.870000,3054
2.871000,3053
2.872000,3105
2.873000,3063
2.874000,3179
2.875000,3267
2.876000,3272
2.877000,3291
2.878000,3301
2.879000,3396
2.880000,3309
2.881000,3344
2.882000,3332
2.883000,3260
2.884000,3349
2.885000,3304
2.886000,3322
2.887000,3328
2.888000,3331
2.889000,3434
2.890000,3405
2.891000,3353
2.892000,3358
2.893000,3350
2.894000,3333
2.895000,3300
2.896000,3497
2.897000,3337
2.898000,3355
2.899000,3299
2.900000,3380
2.820000,3303
2.821000,3425
2.822000,3282
2.823000,3404
2.824000,3410
2.825000,3339
2.826000,3282
2.827000,3276
2.828000,3341
2.829000,3400
2.830000,3321
2.831000,3299
2.832000,3245
2.833000,3287
2.834000,3233
2.835000,3294
2.836000,3365
2.837000,3339
2.838000,3418
2.839000,3344
2.840000,3517
2.841000,3358
2.842000,3295
2.843000,3298
2.844000,3419
2.845000,3420
2.846000,3341
2.847000,3485
2.848000,3451
2.849000,3463
2.850000,3429
2.851000,3411
2.852000,3354
2.853000,3342
2.854000,3488
2.855000,3333
2.856000,3462
2.857000,3419
2.858000,3461
2.859000,3487
2.860000,3377
2.861000,3299
2.862000,3359
2.863000,3415
2.864000,3178
2.865000,3314
2.866000,3277
2.867000,3292
2.868000,3252
2.869000,3086
2.870000,3040
2.871000,3035
2.872000,3064
2.873000,3173
2.874000,3193
2.875000,3389
2.876000,3299
2.877000,3349
2.878000,3314
2.879000,3345
2.880000,3365
2.881000,3380
2.882000,3420
2.883000,3342
2.884000,3352
2.885000,3372
2.886000,3397
2.887000,3526
2.888000,3440
2.889000,3439
2.890000,3435
2.891000,3411
2.892000,3516
2.893000,3426
2.894000,3548
2.895000,3496
2.896000,3369
2.897000,3449
2.898000,3486
2.899000,3500
2.900000,3490
2.820000,3399
2.821000,3419
2.822000,3463
2.823000,3386
2.824000,3441
2.825000,3468
2.826000,3521
2.827000,3431
2.828000,3531
2.829000,3568
2.830000,3462
2.831000,3440
2.832000,3526
2.833000,3483
2.834000,3420
2.835000,3445
2.836000,3432
2.837000,3382
2.838000,3424
2.839000,3574
2.840000,3403
2.841000,3560
2.842000,3445
2.843000,3381
2.844000,3456
2.845000,3541
2.846000,3530
2.847000,3509
2.848000,3548
2.849000,3418
2.850000,3556
2.851000,3420
2.852000,3444
2.853000,3528
2.854000,3488
2.855000,3458
2.856000,3475
2.857000,3392
2.858000,3482
2.859000,3430
2.860000,3509
2.861000,3361
2.862000,3404
2.863000,3438
2.864000,3506
2.865000,3367
2.866000,3246
2.867000,3159
2.868000,3193
2.869000,3228
2.870000,3164
2.871000,3254
2.872000,3152
2.873000,3189
2.874000,3315
2.875000,3256
2.876000,3304
2.877000,3319
2.878000,3414
2.879000,3414
2.880000,3240
2.881000,3342
2.882000,3374
2.883000,3429
2.884000,3401
2.885000,3442
2.886000,3363
2.887000,3409
2.888000,3378
2.889000,3428
2.890000,3505
2.891000,3456
2.892000,3531
2.893000,3633
2.894000,3539
2.895000,3536
2.896000,3486
2.897000,3457
2.898000,3505
2.899000,3428
2.900000,3419
2.820000,3425
2.821000,3383
2.822000,3382
2.823000,3389
2.824000,3346
2.825000,3402
2.826000,3321
2.827000,3349
2.828000,3307
2.829000,3420
2.830000,3317
2.831000,3318
2.832000,3364
2.833000,3220
2.834000,3422
2.835000,3273
2.836000,3295
2.837000,3282
2.838000,3230
2.839000,3305
2.840000,3337
2.841000,3311
2.842000,3249
2.843000,3350
2.844000,3377
2.845000,3289
2.846000,3303
2.847000,3278
2.848000,3326
2.849000,3212
2.850000,3412
2.851000,3245
2.852000,3428
2.853000,3469
2.854000,3444
2.855000,3454
2.856000,3536
2.857000,3545
2.858000,3498
2.859000,3508
2.860000,3405
2.861000,3436
2.862000,3451
2.863000,3574
2.864000,3502
2.865000,3346
2.866000,3245
2.867000,3221
2.868000,3264
2.869000,3230
2.870000,3301
2.871000,3343
2.872000,3267
2.873000,3235
2.874000,3343
2.875000,3263
2.876000,3423
2.877000,3499
2.878000,3456
2.879000,3488
2.880000,3515
2.881000,3497
2.882000,3616
2.883000,3469
2.884000,3617
2.885000,3626
2.886000,3581
2.887000,3575
2.888000,3616
2.889000,3592
2.890000,3543
2.891000,3568
2.892000,3576
2.893000,3530
2.894000,3428
2.895000,3541
2.896000,3556
2.897000,3320
2.898000,3235
2.899000,3384
2.900000,3363
2.820000,3292
2.821000,3412
2.822000,3278
2.823000,3364
2.824000,3209
2.825000,3276
2.826000,3242
2.827000,3296
2.828000,3271
2.829000,3366
2.830000,3317
2.831000,3402
2.832000,3313
2.833000,3313
2.834000,3288
2.835000,3295
2.836000,3300
2.837000,3357
2.838000,3351
2.839000,3216
2.840000,3336
2.841000,3298
2.842000,3246
2.843000,3229
2.844000,3307
2.845000,3345
2.846000,3272
2.847000,3301
2.848000,3276
2.849000,3429
2.850000,3432
2.851000,3463
2.852000,3408
2.853000,3493
2.854000,3483
2.855000,3476
2.856000,3593
2.857000,3578
2.858000,3480
2.859000,3456
2.860000,3434
2.861000,3474
2.862000,3505
2.863000,3393
2.864000,3416
2.865000,3443
2.866000,3337
2.867000,3226
2.868000,3183
2.869000,3149
2.870000,3291
2.871000,3185
2.872000,3116
2.873000,3325
2.874000,3244
2.875000,3286
2.876000,3419
2.877000,3462
2.878000,3427
2.879000,3455
2.880000,3518
2.881000,3405
2.882000,3356
2.883000,3471
2.884000,3431
2.885000,3474
2.886000,3463
2.887000,3541
2.888000,3547
2.889000,3541
2.890000,3452
2.891000,3361
2.892000,3470
2.893000,3607
2.894000,3424
2.895000,3527
2.896000,3388
2.897000,3337
2.898000,3344
2.899000,3435
2.900000,3353
2.820000,3410
2.821000,3509
2.822000,3456
2.823000,3409
2.824000,3363
2.825000,3331
2.826000,3413
2.827000,3455
2.828000,3395
2.829000,3344
2.830000,3479
2.831000,3414
2.832000,3417
2.833000,3441
2.834000,3398
2.835000,3377
2.836000,3400
2.837000,3547
2.838000,3627
2.839000,3573
2.840000,3426
2.841000,3543
2.842000,3536
2.843000,3530
2.844000,3600
2.845000,3443
2.846000,3573
2.847000,3581
2.848000,3554
2.849000,3579
2.850000,3555
2.851000,3736
2.852000,3508
2.853000,3642
2.854000,3536
2.855000,3579
2.856000,3536
2.857000,3584
2.858000,3588
2.859000,3587
2.860000,3593
2.861000,3687
2.862000,3504
2.863000,3641
2.864000,3539
2.865000,3419
2.866000,3393
2.867000,3310
2.868000,3255
2.869000,3248
2.870000,3283
2.871000,3187
2.872000,3311
2.873000,3292
2.874000,3417
2.875000,3329
2.876000,3329
2.877000,3529
2.878000,3537
2.879000,3551
2.880000,3487
2.881000,3673
2.882000,3620
2.883000,3426
2.884000,3563
2.885000,3507
2.886000,3627
2.887000,3572
2.888000,3649
2.889000,3511
2.890000,3610
2.891000,3611
2.892000,3544
2.893000,3617
2.894000,3487
2.895000,3601
2.896000,3435
2.897000,3545
2.898000,3480
2.899000,3678
2.900000,3570
2.820000,3615
2.821000,3578
2.822000,3629
2.823000,3671
2.824000,3544
2.825000,3506
2.826000,3646
2.827000,3625
2.828000,3595
2.829000,3537
2.830000,3596
2.831000,3473
2.832000,3597
2.833000,3431
2.834000,3470
2.835000,3519
2.836000,3521
2.837000,3550
2.838000,3358
2.839000,3604
2.840000,3498
2.841000,3576
2.842000,3461
2.843000,3424
2.844000,3595
2.845000,3566
2.846000,3495
2.847000,3596
2.848000,3481
2.849000,3650
2.850000,3625
2.851000,3501
2.852000,3548
2.853000,3536
2.854000,3472
2.855000,3448
2.856000,3549
2.857000,3558
2.858000,3433
2.859000,3576
2.860000,3495
2.861000,3551
2.862000,3575
2.863000,3442
2.864000,3594
2.865000,3389
2.866000,3467
2.867000,3299
2.868000,3329
2.869000,3186
2.870000,3217
2.871000,3235
2.872000,3277
2.873000,3303
2.874000,3339
2.875000,3388
2.876000,3414
2.877000,3447
2.878000,3581
2.879000,3631
2.880000,3507
2.881000,3490
2.882000,3675
2.883000,3587
2.884000,3643
2.885000,3688
2.886000,3596
2.887000,3636
2.888000,3668
2.889000,3627
2.890000,3649
2.891000,3625
2.892000,3459
2.893000,3496
2.894000,3604
2.895000,3518
2.896000,3403
2.897000,3609
2.898000,3483
2.899000,3619
2.900000,3567
2.820000,3661
2.821000,3621
2.822000,3722
2.823000,3632
2.824000,3658
2.825000,3565
2.826000,3648
2.827000,3566
2.828000,3608
2.829000,3658
2.830000,3640
2.831000,3561
2.832000,3631
2.833000,3608
2.834000,3565
2.835000,3640
2.836000,3646
2.837000,3641
2.838000,3699
2.839000,3548
2.840000,3559
2.841000,3523
2.842000,3529
2.843000,3600
2.844000,3490
2.845000,3619
2.846000,3752
2.847000,3656
2.848000,3621
2.849000,3701
2.850000,3675
2.851000,3642
2.852000,3610
2.853000,3611
2.854000,3654
2.855000,3592
2.856000,3585
2.857000,3690
2.858000,3687
2.859000,3609
2.860000,3498
2.861000,3654
2.862000,3551
2.863000,3511
2.864000,3470
2.865000,3539
2.866000,3353
2.867000,3430
2.868000,3370
2.869000,3273
2.870000,3304
2.871000,3286
2.872000,3383
2.873000,3356
2.874000,3377
2.875000,3487
2.876000,3432
2.877000,3547
2.878000,3534
2.879000,3565
2.880000,3611
2.881000,3588
2.882000,3672
2.883000,3615
2.884000,3650
2.885000,3487
2.886000,3688
2.887000,3570
2.888000,3571
2.889000,3477
2.890000,3612
2.891000,3610
2.892000,3446
2.893000,3617
2.894000,3487
2.895000,3556
2.896000,3619
2.897000,3580
2.898000,3553
2.899000,3580
2.900000,3647
2.820000,3407
2.821000,3679
2.822000,3591
2.823000,3609
2.824000,3643
2.825000,3521
2.826000,3643
2.827000,3660
2.828000,3617
2.829000,3681
2.830000,3527
2.831000,3577
2.832000,3528
2.833000,3576
2.834000,3624
2.835000,3641
2.836000,3591
2.837000,3711
2.838000,3632
2.839000,3649
2.840000,3597
2.841000,3659
2.842000,3570
2.843000,3734
2.844000,3673
2.845000,3641
2.846000,3587
2.847000,3589
2.848000,3585
2.849000,3610
2.850000,3641
2.851000,3716
2.852000,3620
2.853000,3578
2.854000,3512
2.855000,3557
2.856000,3542
2.857000,3697
2.858000,3611
2.859000,3417
2.860000,3493
2.861000,3651
2.862000,3492
2.863000,3598
2.864000,3503
2.865000,3408
2.866000,3437
2.867000,3360
2.868000,3360
2.869000,3351
2.870000,3278
2.871000,3312
2.872000,3175
2.873000,3256
2.874000,3393
2.875000,3377
2.876000,3454
2.877000,3531
2.878000,3491
2.879000,3321
2.880000,3439
2.881000,3399
2.882000,3466
2.883000,3570
2.884000,3557
2.885000,3660
2.886000,3640
2.887000,3591
2.888000,3654
2.889000,3609
2.890000,3525
2.891000,3629
2.892000,3491
2.893000,3596
2.894000,3583
2.895000,3439
2.896000,3474
2.897000,3552
2.898000,3491
2.899000,3453
2.900000,3416
2.820000,3458
2.821000,3512
2.822000,3564
2.823000,3539
2.824000,3569
2.825000,3457
2.826000,3424
2.827000,3475
2.828000,3506
2.829000,3307
2.830000,3462
2.831000,3484
2.832000,3407
2.833000,3429
2.834000,3534
2.835000,3504
2.836000,3443
2.837000,3460
2.838000,3419
2.839000,3496
2.840000,3465
2.841000,3455
2.842000,3340
2.843000,3465
2.844000,3343
2.845000,3510
2.846000,3463
2.847000,3475
2.848000,3461
2.849000,3470
2.850000,3433
2.851000,3503
2.852000,3492
2.853000,3516
2.854000,3468
2.855000,3360
2.856000,3447
2.857000,3536
2.858000,3474
2.859000,3523
2.860000,3457
2.861000,3383
2.862000,3375
2.863000,3348
2.864000,3337
2.865000,3328
2.866000,3292
2.867000,3230
2.868000,3191
2.869000,3182
2.870000,3144
2.871000,3028
2.872000,3169
2.873000,3203
2.874000,3228
2.875000,3282
2.876000,3280
2.877000,3335
2.878000,3410
2.879000,3383
2.880000,3383
